-2.000000	0.000000
-1.999000	0.000000
-1.998000	0.000000
-1.997000	0.000000
-1.996000	0.000000
-1.995000	0.000000
-1.994000	0.000000
-1.993000	0.000000
-1.992000	0.000000
-1.991000	0.000000
-1.990000	0.000000
-1.989000	0.000000
-1.988000	0.000000
-1.987000	0.000000
-1.986000	0.000000
-1.985000	0.000000
-1.984000	0.000000
-1.983000	0.000000
-1.982000	0.000000
-1.981000	0.000000
-1.980000	0.000000
-1.979000	0.000000
-1.978000	0.000000
-1.977000	0.000000
-1.976000	0.000000
-1.975000	0.000000
-1.974000	0.000000
-1.973000	0.000000
-1.972000	0.000000
-1.971000	0.000000
-1.970000	0.000000
-1.969000	0.000000
-1.968000	0.000000
-1.967000	0.000000
-1.966000	0.000000
-1.965000	0.000000
-1.964000	0.000000
-1.963000	0.000000
-1.962000	0.000000
-1.961000	0.000000
-1.960000	0.000000
-1.959000	0.000000
-1.958000	0.000000
-1.957000	0.000000
-1.956000	0.000000
-1.955000	0.000000
-1.954000	0.000000
-1.953000	0.000000
-1.952000	0.000000
-1.951000	0.000000
-1.950000	0.000000
-1.949000	0.000000
-1.948000	0.000000
-1.947000	0.000000
-1.946000	0.000000
-1.945000	0.000000
-1.944000	0.000000
-1.943000	0.000000
-1.942000	0.000000
-1.941000	0.000000
-1.940000	0.000000
-1.939000	0.000000
-1.938000	0.000000
-1.937000	0.000000
-1.936000	0.000000
-1.935000	0.000000
-1.934000	0.000000
-1.933000	0.000000
-1.932000	0.000000
-1.931000	0.000000
-1.930000	0.000000
-1.929000	0.000000
-1.928000	0.000000
-1.927000	0.000000
-1.926000	0.000000
-1.925000	0.000000
-1.924000	0.000000
-1.923000	0.000000
-1.922000	0.000000
-1.921000	0.000000
-1.920000	0.000000
-1.919000	0.000000
-1.918000	0.000000
-1.917000	0.000000
-1.916000	0.000000
-1.915000	0.000000
-1.914000	0.000000
-1.913000	0.000000
-1.912000	0.000000
-1.911000	0.000000
-1.910000	0.000000
-1.909000	0.000000
-1.908000	0.000000
-1.907000	0.000000
-1.906000	0.000000
-1.905000	0.000000
-1.904000	0.000000
-1.903000	0.000000
-1.902000	0.000000
-1.901000	0.000000
-1.900000	0.000000
-1.899000	0.000000
-1.898000	0.000000
-1.897000	0.000000
-1.896000	0.000000
-1.895000	0.000000
-1.894000	0.000000
-1.893000	0.000000
-1.892000	0.000000
-1.891000	0.000000
-1.890000	0.000000
-1.889000	0.000000
-1.888000	0.000000
-1.887000	0.000000
-1.886000	0.000000
-1.885000	0.000000
-1.884000	0.000000
-1.883000	0.000000
-1.882000	0.000000
-1.881000	0.000000
-1.880000	0.000000
-1.879000	0.000000
-1.878000	0.000000
-1.877000	0.000000
-1.876000	0.000000
-1.875000	0.000000
-1.874000	0.000000
-1.873000	0.000000
-1.872000	0.000000
-1.871000	0.000000
-1.870000	0.000000
-1.869000	0.000000
-1.868000	0.000000
-1.867000	0.000000
-1.866000	0.000000
-1.865000	0.000000
-1.864000	0.000000
-1.863000	0.000000
-1.862000	0.000000
-1.861000	0.000000
-1.860000	0.000000
-1.859000	0.000000
-1.858000	0.000000
-1.857000	0.000000
-1.856000	0.000000
-1.855000	0.000000
-1.854000	0.000000
-1.853000	0.000000
-1.852000	0.000000
-1.851000	0.000000
-1.850000	0.000000
-1.849000	0.000000
-1.848000	0.000000
-1.847000	0.000000
-1.846000	0.000000
-1.845000	0.000000
-1.844000	0.000000
-1.843000	0.000000
-1.842000	0.000000
-1.841000	0.000000
-1.840000	0.000000
-1.839000	0.000000
-1.838000	0.000000
-1.837000	0.000000
-1.836000	0.000000
-1.835000	0.000000
-1.834000	0.000000
-1.833000	0.000000
-1.832000	0.000000
-1.831000	0.000000
-1.830000	0.000000
-1.829000	0.000000
-1.828000	0.000000
-1.827000	0.000000
-1.826000	0.000000
-1.825000	0.000000
-1.824000	0.000000
-1.823000	0.000000
-1.822000	0.000000
-1.821000	0.000000
-1.820000	0.000000
-1.819000	0.000000
-1.818000	0.000000
-1.817000	0.000000
-1.816000	0.000000
-1.815000	0.000000
-1.814000	0.000000
-1.813000	0.000000
-1.812000	0.000000
-1.811000	0.000000
-1.810000	0.000000
-1.809000	0.000000
-1.808000	0.000000
-1.807000	0.000000
-1.806000	0.000000
-1.805000	0.000000
-1.804000	0.000000
-1.803000	0.000000
-1.802000	0.000000
-1.801000	0.000000
-1.800000	0.000000
-1.799000	0.000000
-1.798000	0.000000
-1.797000	0.000000
-1.796000	0.000000
-1.795000	0.000000
-1.794000	0.000000
-1.793000	0.000000
-1.792000	0.000000
-1.791000	0.000000
-1.790000	0.000000
-1.789000	0.000000
-1.788000	0.000000
-1.787000	0.000000
-1.786000	0.000000
-1.785000	0.000000
-1.784000	0.000000
-1.783000	0.000000
-1.782000	0.000000
-1.781000	0.000000
-1.780000	0.000000
-1.779000	0.000000
-1.778000	0.000000
-1.777000	0.000000
-1.776000	0.000000
-1.775000	0.000000
-1.774000	0.000000
-1.773000	0.000000
-1.772000	0.000000
-1.771000	0.000000
-1.770000	0.000000
-1.769000	0.000000
-1.768000	0.000000
-1.767000	0.000000
-1.766000	0.000000
-1.765000	0.000000
-1.764000	0.000000
-1.763000	0.000000
-1.762000	0.000000
-1.761000	0.000000
-1.760000	0.000000
-1.759000	0.000000
-1.758000	0.000000
-1.757000	0.000000
-1.756000	0.000000
-1.755000	0.000000
-1.754000	0.000000
-1.753000	0.000000
-1.752000	0.000000
-1.751000	0.000000
-1.750000	0.000000
-1.749000	0.000000
-1.748000	0.000000
-1.747000	0.000000
-1.746000	0.000000
-1.745000	0.000000
-1.744000	0.000000
-1.743000	0.000000
-1.742000	0.000000
-1.741000	0.000000
-1.740000	0.000000
-1.739000	0.000000
-1.738000	0.000000
-1.737000	0.000000
-1.736000	0.000000
-1.735000	0.000000
-1.734000	0.000000
-1.733000	0.000000
-1.732000	0.000000
-1.731000	0.000000
-1.730000	0.000000
-1.729000	0.000000
-1.728000	0.000000
-1.727000	0.000000
-1.726000	0.000000
-1.725000	0.000000
-1.724000	0.000000
-1.723000	0.000000
-1.722000	0.000000
-1.721000	0.000000
-1.720000	0.000000
-1.719000	0.000000
-1.718000	0.000000
-1.717000	0.000000
-1.716000	0.000000
-1.715000	0.000000
-1.714000	0.000000
-1.713000	0.000000
-1.712000	0.000000
-1.711000	0.000000
-1.710000	0.000000
-1.709000	0.000000
-1.708000	0.000000
-1.707000	0.000000
-1.706000	0.000000
-1.705000	0.000000
-1.704000	0.000000
-1.703000	0.000000
-1.702000	0.000000
-1.701000	0.000000
-1.700000	0.000000
-1.699000	0.000000
-1.698000	0.000000
-1.697000	0.000000
-1.696000	0.000000
-1.695000	0.000000
-1.694000	0.000000
-1.693000	0.000000
-1.692000	0.000000
-1.691000	0.000000
-1.690000	0.000000
-1.689000	0.000000
-1.688000	0.000000
-1.687000	0.000000
-1.686000	0.000000
-1.685000	0.000000
-1.684000	0.000000
-1.683000	0.000000
-1.682000	0.000000
-1.681000	0.000000
-1.680000	0.000000
-1.679000	0.000000
-1.678000	0.000000
-1.677000	0.000000
-1.676000	0.000000
-1.675000	0.000000
-1.674000	0.000000
-1.673000	0.000000
-1.672000	0.000000
-1.671000	0.000000
-1.670000	0.000000
-1.669000	0.000000
-1.668000	0.000000
-1.667000	0.000000
-1.666000	0.000000
-1.665000	0.000000
-1.664000	0.000000
-1.663000	0.000000
-1.662000	0.000000
-1.661000	0.000000
-1.660000	0.000000
-1.659000	0.000000
-1.658000	0.000000
-1.657000	0.000000
-1.656000	0.000000
-1.655000	0.000000
-1.654000	0.000000
-1.653000	0.000000
-1.652000	0.000000
-1.651000	0.000000
-1.650000	0.000000
-1.649000	0.000000
-1.648000	0.000000
-1.647000	0.000000
-1.646000	0.000000
-1.645000	0.000000
-1.644000	0.000000
-1.643000	0.000000
-1.642000	0.000000
-1.641000	0.000000
-1.640000	0.000000
-1.639000	0.000000
-1.638000	0.000000
-1.637000	0.000000
-1.636000	0.000000
-1.635000	0.000000
-1.634000	0.000000
-1.633000	0.000000
-1.632000	0.000000
-1.631000	0.000000
-1.630000	0.000000
-1.629000	0.000000
-1.628000	0.000000
-1.627000	0.000000
-1.626000	0.000000
-1.625000	0.000000
-1.624000	0.000000
-1.623000	0.000000
-1.622000	0.000000
-1.621000	0.000000
-1.620000	0.000000
-1.619000	0.000000
-1.618000	0.000000
-1.617000	0.000000
-1.616000	0.000000
-1.615000	0.000000
-1.614000	0.000000
-1.613000	0.000000
-1.612000	0.000000
-1.611000	0.000000
-1.610000	0.000000
-1.609000	0.000000
-1.608000	0.000000
-1.607000	0.000000
-1.606000	0.000000
-1.605000	0.000000
-1.604000	0.000000
-1.603000	0.000000
-1.602000	0.000000
-1.601000	0.000000
-1.600000	0.000000
-1.599000	0.000000
-1.598000	0.000000
-1.597000	0.000000
-1.596000	0.000000
-1.595000	0.000000
-1.594000	0.000000
-1.593000	0.000000
-1.592000	0.000000
-1.591000	0.000000
-1.590000	0.000000
-1.589000	0.000000
-1.588000	0.000000
-1.587000	0.000000
-1.586000	0.000000
-1.585000	0.000000
-1.584000	0.000000
-1.583000	0.000000
-1.582000	0.000000
-1.581000	0.000000
-1.580000	0.000000
-1.579000	0.000000
-1.578000	0.000000
-1.577000	0.000000
-1.576000	0.000000
-1.575000	0.000000
-1.574000	0.000000
-1.573000	0.000000
-1.572000	0.000000
-1.571000	0.000000
-1.570000	0.000000
-1.569000	0.000000
-1.568000	0.000000
-1.567000	0.000000
-1.566000	0.000000
-1.565000	0.000000
-1.564000	0.000000
-1.563000	0.000000
-1.562000	0.000000
-1.561000	0.000000
-1.560000	0.000000
-1.559000	0.000000
-1.558000	0.000000
-1.557000	0.000000
-1.556000	0.000000
-1.555000	0.000000
-1.554000	0.000000
-1.553000	0.000000
-1.552000	0.000000
-1.551000	0.000000
-1.550000	0.000000
-1.549000	0.000000
-1.548000	0.000000
-1.547000	0.000000
-1.546000	0.000000
-1.545000	0.000000
-1.544000	0.000000
-1.543000	0.000000
-1.542000	0.000000
-1.541000	0.000000
-1.540000	0.000000
-1.539000	0.000000
-1.538000	0.000000
-1.537000	0.000000
-1.536000	0.000000
-1.535000	0.000000
-1.534000	0.000000
-1.533000	0.000000
-1.532000	0.000000
-1.531000	0.000000
-1.530000	0.000000
-1.529000	0.000000
-1.528000	0.000000
-1.527000	0.000000
-1.526000	0.000000
-1.525000	0.000000
-1.524000	0.000000
-1.523000	0.000000
-1.522000	0.000000
-1.521000	0.000000
-1.520000	0.000000
-1.519000	0.000000
-1.518000	0.000000
-1.517000	0.000000
-1.516000	0.000000
-1.515000	0.000000
-1.514000	0.000000
-1.513000	0.000000
-1.512000	0.000000
-1.511000	0.000000
-1.510000	0.000000
-1.509000	0.000000
-1.508000	0.000000
-1.507000	0.000000
-1.506000	0.000000
-1.505000	0.000000
-1.504000	0.000000
-1.503000	0.000000
-1.502000	0.000000
-1.501000	0.000000
-1.500000	0.000000
-1.499000	0.000000
-1.498000	0.000000
-1.497000	0.000000
-1.496000	0.000000
-1.495000	0.000000
-1.494000	0.000000
-1.493000	0.000000
-1.492000	0.000000
-1.491000	0.000000
-1.490000	0.000000
-1.489000	0.000000
-1.488000	0.000000
-1.487000	0.000000
-1.486000	0.000000
-1.485000	0.000000
-1.484000	0.000000
-1.483000	0.000000
-1.482000	0.000000
-1.481000	0.000000
-1.480000	0.000000
-1.479000	0.000000
-1.478000	0.000000
-1.477000	0.000000
-1.476000	0.000000
-1.475000	0.000000
-1.474000	0.000000
-1.473000	0.000000
-1.472000	0.000000
-1.471000	0.000000
-1.470000	0.000000
-1.469000	0.000000
-1.468000	0.000000
-1.467000	0.000000
-1.466000	0.000000
-1.465000	0.000000
-1.464000	0.000000
-1.463000	0.000000
-1.462000	0.000000
-1.461000	0.000000
-1.460000	0.000000
-1.459000	0.000000
-1.458000	0.000000
-1.457000	0.000000
-1.456000	0.000000
-1.455000	0.000000
-1.454000	0.000000
-1.453000	0.000000
-1.452000	0.000000
-1.451000	0.000000
-1.450000	0.000000
-1.449000	0.000000
-1.448000	0.000000
-1.447000	0.000000
-1.446000	0.000000
-1.445000	0.000000
-1.444000	0.000000
-1.443000	0.000000
-1.442000	0.000000
-1.441000	0.000000
-1.440000	0.000000
-1.439000	0.000000
-1.438000	0.000000
-1.437000	0.000000
-1.436000	0.000000
-1.435000	0.000000
-1.434000	0.000000
-1.433000	0.000000
-1.432000	0.000000
-1.431000	0.000000
-1.430000	0.000000
-1.429000	0.000000
-1.428000	0.000000
-1.427000	0.000000
-1.426000	0.000000
-1.425000	0.000000
-1.424000	0.000000
-1.423000	0.000000
-1.422000	0.000000
-1.421000	0.000000
-1.420000	0.000000
-1.419000	0.000000
-1.418000	0.000000
-1.417000	0.000000
-1.416000	0.000000
-1.415000	0.000000
-1.414000	0.000000
-1.413000	0.000000
-1.412000	0.000000
-1.411000	0.000000
-1.410000	0.000000
-1.409000	0.000000
-1.408000	0.000000
-1.407000	0.000000
-1.406000	0.000000
-1.405000	0.000000
-1.404000	0.000000
-1.403000	0.000000
-1.402000	0.000000
-1.401000	0.000000
-1.400000	0.000000
-1.399000	0.000000
-1.398000	0.000000
-1.397000	0.000000
-1.396000	0.000000
-1.395000	0.000000
-1.394000	0.000000
-1.393000	0.000000
-1.392000	0.000000
-1.391000	0.000000
-1.390000	0.000000
-1.389000	0.000000
-1.388000	0.000000
-1.387000	0.000000
-1.386000	0.000000
-1.385000	0.000000
-1.384000	0.000000
-1.383000	0.000000
-1.382000	0.000000
-1.381000	0.000000
-1.380000	0.000000
-1.379000	0.000000
-1.378000	0.000000
-1.377000	0.000000
-1.376000	0.000000
-1.375000	0.000000
-1.374000	0.000000
-1.373000	0.000000
-1.372000	0.000000
-1.371000	0.000000
-1.370000	0.000000
-1.369000	0.000000
-1.368000	0.000000
-1.367000	0.000000
-1.366000	0.000000
-1.365000	0.000000
-1.364000	0.000000
-1.363000	0.000000
-1.362000	0.000000
-1.361000	0.000000
-1.360000	0.000000
-1.359000	0.000000
-1.358000	0.000000
-1.357000	0.000000
-1.356000	0.000000
-1.355000	0.000000
-1.354000	0.000000
-1.353000	0.000000
-1.352000	0.000000
-1.351000	0.000000
-1.350000	0.000000
-1.349000	0.000000
-1.348000	0.000000
-1.347000	0.000000
-1.346000	0.000000
-1.345000	0.000000
-1.344000	0.000000
-1.343000	0.000000
-1.342000	0.000000
-1.341000	0.000000
-1.340000	0.000000
-1.339000	0.000000
-1.338000	0.000000
-1.337000	0.000000
-1.336000	0.000000
-1.335000	0.000000
-1.334000	0.000000
-1.333000	0.000000
-1.332000	0.000000
-1.331000	0.000000
-1.330000	0.000000
-1.329000	0.000000
-1.328000	0.000000
-1.327000	0.000000
-1.326000	0.000000
-1.325000	0.000000
-1.324000	0.000000
-1.323000	0.000000
-1.322000	0.000000
-1.321000	0.000000
-1.320000	0.000000
-1.319000	0.000000
-1.318000	0.000000
-1.317000	0.000000
-1.316000	0.000000
-1.315000	0.000000
-1.314000	0.000000
-1.313000	0.000000
-1.312000	0.000000
-1.311000	0.000000
-1.310000	0.000000
-1.309000	0.000000
-1.308000	0.000000
-1.307000	0.000000
-1.306000	0.000000
-1.305000	0.000000
-1.304000	0.000000
-1.303000	0.000000
-1.302000	0.000000
-1.301000	0.000000
-1.300000	0.000000
-1.299000	0.000000
-1.298000	0.000000
-1.297000	0.000000
-1.296000	0.000000
-1.295000	0.000000
-1.294000	0.000000
-1.293000	0.000000
-1.292000	0.000000
-1.291000	0.000000
-1.290000	0.000000
-1.289000	0.000000
-1.288000	0.000000
-1.287000	0.000000
-1.286000	0.000000
-1.285000	0.000000
-1.284000	0.000000
-1.283000	0.000000
-1.282000	0.000000
-1.281000	0.000000
-1.280000	0.000000
-1.279000	0.000000
-1.278000	0.000000
-1.277000	0.000000
-1.276000	0.000000
-1.275000	0.000000
-1.274000	0.000000
-1.273000	0.000000
-1.272000	0.000000
-1.271000	0.000000
-1.270000	0.000000
-1.269000	0.000000
-1.268000	0.000000
-1.267000	0.000000
-1.266000	0.000000
-1.265000	0.000000
-1.264000	0.000000
-1.263000	0.000000
-1.262000	0.000000
-1.261000	0.000000
-1.260000	0.000000
-1.259000	0.000000
-1.258000	0.000000
-1.257000	0.000000
-1.256000	0.000000
-1.255000	0.000000
-1.254000	0.000000
-1.253000	0.000000
-1.252000	0.000000
-1.251000	0.000000
-1.250000	0.000000
-1.249000	0.000000
-1.248000	0.000000
-1.247000	0.000000
-1.246000	0.000000
-1.245000	0.000000
-1.244000	0.000000
-1.243000	0.000000
-1.242000	0.000000
-1.241000	0.000000
-1.240000	0.000000
-1.239000	0.000000
-1.238000	0.000000
-1.237000	0.000000
-1.236000	0.000000
-1.235000	0.000000
-1.234000	0.000000
-1.233000	0.000000
-1.232000	0.000000
-1.231000	0.000000
-1.230000	0.000000
-1.229000	0.000000
-1.228000	0.000000
-1.227000	0.000000
-1.226000	0.000000
-1.225000	0.000000
-1.224000	0.000000
-1.223000	0.000000
-1.222000	0.000000
-1.221000	0.000000
-1.220000	0.000000
-1.219000	0.000000
-1.218000	0.000000
-1.217000	0.000000
-1.216000	0.000000
-1.215000	0.000000
-1.214000	0.000000
-1.213000	0.000000
-1.212000	0.000000
-1.211000	0.000000
-1.210000	0.000000
-1.209000	0.000000
-1.208000	0.000000
-1.207000	0.000000
-1.206000	0.000000
-1.205000	0.000000
-1.204000	0.000000
-1.203000	0.000000
-1.202000	0.000000
-1.201000	0.000000
-1.200000	0.000000
-1.199000	0.000000
-1.198000	0.000000
-1.197000	0.000000
-1.196000	0.000000
-1.195000	0.000000
-1.194000	0.000000
-1.193000	0.000000
-1.192000	0.000000
-1.191000	0.000000
-1.190000	0.000000
-1.189000	0.000000
-1.188000	0.000000
-1.187000	0.000000
-1.186000	0.000000
-1.185000	0.000000
-1.184000	0.000000
-1.183000	0.000000
-1.182000	0.000000
-1.181000	0.000000
-1.180000	0.000000
-1.179000	0.000000
-1.178000	0.000000
-1.177000	0.000000
-1.176000	0.000000
-1.175000	0.000000
-1.174000	0.000000
-1.173000	0.000000
-1.172000	0.000000
-1.171000	0.000000
-1.170000	0.000000
-1.169000	0.000000
-1.168000	0.000000
-1.167000	0.000000
-1.166000	0.000000
-1.165000	0.000000
-1.164000	0.000000
-1.163000	0.000000
-1.162000	0.000000
-1.161000	0.000000
-1.160000	0.000000
-1.159000	0.000000
-1.158000	0.000000
-1.157000	0.000000
-1.156000	0.000000
-1.155000	0.000000
-1.154000	0.000000
-1.153000	0.000000
-1.152000	0.000000
-1.151000	0.000000
-1.150000	0.000000
-1.149000	0.000000
-1.148000	0.000000
-1.147000	0.000000
-1.146000	0.000000
-1.145000	0.000000
-1.144000	0.000000
-1.143000	0.000000
-1.142000	0.000000
-1.141000	0.000000
-1.140000	0.000000
-1.139000	0.000000
-1.138000	0.000000
-1.137000	0.000000
-1.136000	0.000000
-1.135000	0.000000
-1.134000	0.000000
-1.133000	0.000000
-1.132000	0.000000
-1.131000	0.000000
-1.130000	0.000000
-1.129000	0.000000
-1.128000	0.000000
-1.127000	0.000000
-1.126000	0.000000
-1.125000	0.000000
-1.124000	0.000000
-1.123000	0.000000
-1.122000	0.000000
-1.121000	0.000000
-1.120000	0.000000
-1.119000	0.000000
-1.118000	0.000000
-1.117000	0.000000
-1.116000	0.000000
-1.115000	0.000000
-1.114000	0.000000
-1.113000	0.000000
-1.112000	0.000000
-1.111000	0.000000
-1.110000	0.000000
-1.109000	0.000000
-1.108000	0.000000
-1.107000	0.000000
-1.106000	0.000000
-1.105000	0.000000
-1.104000	0.000000
-1.103000	0.000000
-1.102000	0.000000
-1.101000	0.000000
-1.100000	0.000000
-1.099000	0.000000
-1.098000	0.000000
-1.097000	0.000000
-1.096000	0.000000
-1.095000	0.000000
-1.094000	0.000000
-1.093000	0.000000
-1.092000	0.000000
-1.091000	0.000000
-1.090000	0.000000
-1.089000	0.000000
-1.088000	0.000000
-1.087000	0.000000
-1.086000	0.000000
-1.085000	0.000000
-1.084000	0.000000
-1.083000	0.000000
-1.082000	0.000000
-1.081000	0.000000
-1.080000	0.000000
-1.079000	0.000000
-1.078000	0.000000
-1.077000	0.000000
-1.076000	0.000000
-1.075000	0.000000
-1.074000	0.000000
-1.073000	0.000000
-1.072000	0.000000
-1.071000	0.000000
-1.070000	0.000000
-1.069000	0.000000
-1.068000	0.000000
-1.067000	0.000000
-1.066000	0.000000
-1.065000	0.000000
-1.064000	0.000000
-1.063000	0.000000
-1.062000	0.000000
-1.061000	0.000000
-1.060000	0.000000
-1.059000	0.000000
-1.058000	0.000000
-1.057000	0.000000
-1.056000	0.000000
-1.055000	0.000000
-1.054000	0.000000
-1.053000	0.000000
-1.052000	0.000000
-1.051000	0.000000
-1.050000	0.000000
-1.049000	0.000000
-1.048000	0.000000
-1.047000	0.000000
-1.046000	0.000000
-1.045000	0.000000
-1.044000	0.000000
-1.043000	0.000000
-1.042000	0.000000
-1.041000	0.000000
-1.040000	0.000000
-1.039000	0.000000
-1.038000	0.000000
-1.037000	0.000000
-1.036000	0.000000
-1.035000	0.000000
-1.034000	0.000000
-1.033000	0.000000
-1.032000	0.000000
-1.031000	0.000000
-1.030000	0.000000
-1.029000	0.000000
-1.028000	0.000000
-1.027000	0.000000
-1.026000	0.000000
-1.025000	0.000000
-1.024000	0.000000
-1.023000	0.000000
-1.022000	0.000000
-1.021000	0.000000
-1.020000	0.000000
-1.019000	0.000000
-1.018000	0.000000
-1.017000	0.000000
-1.016000	0.000000
-1.015000	0.000000
-1.014000	0.000000
-1.013000	0.000000
-1.012000	0.000000
-1.011000	0.000000
-1.010000	0.000000
-1.009000	0.000000
-1.008000	0.000000
-1.007000	0.000000
-1.006000	0.000000
-1.005000	0.000000
-1.004000	0.000000
-1.003000	0.000000
-1.002000	0.000000
-1.001000	0.000000
-1.000000	0.000000
-0.999000	0.000000
-0.998000	0.000000
-0.997000	0.000000
-0.996000	0.000001
-0.995000	0.000002
-0.994000	0.000003
-0.993000	0.000005
-0.992000	0.000007
-0.991000	0.000010
-0.990000	0.000013
-0.989000	0.000017
-0.988000	0.000022
-0.987000	0.000027
-0.986000	0.000034
-0.985000	0.000041
-0.984000	0.000049
-0.983000	0.000059
-0.982000	0.000069
-0.981000	0.000080
-0.980000	0.000093
-0.979000	0.000107
-0.978000	0.000122
-0.977000	0.000138
-0.976000	0.000156
-0.975000	0.000175
-0.974000	0.000196
-0.973000	0.000218
-0.972000	0.000242
-0.971000	0.000267
-0.970000	0.000294
-0.969000	0.000323
-0.968000	0.000353
-0.967000	0.000385
-0.966000	0.000419
-0.965000	0.000455
-0.964000	0.000492
-0.963000	0.000532
-0.962000	0.000573
-0.961000	0.000617
-0.960000	0.000662
-0.959000	0.000710
-0.958000	0.000760
-0.957000	0.000812
-0.956000	0.000866
-0.955000	0.000923
-0.954000	0.000981
-0.953000	0.001042
-0.952000	0.001106
-0.951000	0.001172
-0.950000	0.001240
-0.949000	0.001311
-0.948000	0.001384
-0.947000	0.001460
-0.946000	0.001538
-0.945000	0.001619
-0.944000	0.001702
-0.943000	0.001789
-0.942000	0.001877
-0.941000	0.001969
-0.940000	0.002064
-0.939000	0.002161
-0.938000	0.002261
-0.937000	0.002364
-0.936000	0.002470
-0.935000	0.002578
-0.934000	0.002690
-0.933000	0.002805
-0.932000	0.002922
-0.931000	0.003043
-0.930000	0.003167
-0.929000	0.003294
-0.928000	0.003424
-0.927000	0.003557
-0.926000	0.003693
-0.925000	0.003833
-0.924000	0.003976
-0.923000	0.004122
-0.922000	0.004271
-0.921000	0.004424
-0.920000	0.004580
-0.919000	0.004740
-0.918000	0.004902
-0.917000	0.005069
-0.916000	0.005238
-0.915000	0.005411
-0.914000	0.005588
-0.913000	0.005768
-0.912000	0.005952
-0.911000	0.006139
-0.910000	0.006330
-0.909000	0.006525
-0.908000	0.006723
-0.907000	0.006925
-0.906000	0.007130
-0.905000	0.007339
-0.904000	0.007552
-0.903000	0.007769
-0.902000	0.007989
-0.901000	0.008213
-0.900000	0.008441
-0.899000	0.008673
-0.898000	0.008909
-0.897000	0.009149
-0.896000	0.009392
-0.895000	0.009639
-0.894000	0.009891
-0.893000	0.010146
-0.892000	0.010405
-0.891000	0.010668
-0.890000	0.010935
-0.889000	0.011207
-0.888000	0.011482
-0.887000	0.011761
-0.886000	0.012044
-0.885000	0.012332
-0.884000	0.012623
-0.883000	0.012919
-0.882000	0.013219
-0.881000	0.013523
-0.880000	0.013831
-0.879000	0.014143
-0.878000	0.014460
-0.877000	0.014780
-0.876000	0.015105
-0.875000	0.015435
-0.874000	0.015768
-0.873000	0.016106
-0.872000	0.016448
-0.871000	0.016794
-0.870000	0.017145
-0.869000	0.017500
-0.868000	0.017859
-0.867000	0.018223
-0.866000	0.018591
-0.865000	0.018963
-0.864000	0.019340
-0.863000	0.019721
-0.862000	0.020107
-0.861000	0.020497
-0.860000	0.020891
-0.859000	0.021290
-0.858000	0.021694
-0.857000	0.022102
-0.856000	0.022514
-0.855000	0.022931
-0.854000	0.023352
-0.853000	0.023778
-0.852000	0.024209
-0.851000	0.024644
-0.850000	0.025083
-0.849000	0.025527
-0.848000	0.025976
-0.847000	0.026429
-0.846000	0.026887
-0.845000	0.027349
-0.844000	0.027816
-0.843000	0.028288
-0.842000	0.028764
-0.841000	0.029245
-0.840000	0.029730
-0.839000	0.030220
-0.838000	0.030715
-0.837000	0.031214
-0.836000	0.031718
-0.835000	0.032227
-0.834000	0.032740
-0.833000	0.033258
-0.832000	0.033781
-0.831000	0.034309
-0.830000	0.034841
-0.829000	0.035378
-0.828000	0.035919
-0.827000	0.036465
-0.826000	0.037016
-0.825000	0.037572
-0.824000	0.038133
-0.823000	0.038698
-0.822000	0.039268
-0.821000	0.039842
-0.820000	0.040422
-0.819000	0.041006
-0.818000	0.041595
-0.817000	0.042188
-0.816000	0.042787
-0.815000	0.043390
-0.814000	0.043998
-0.813000	0.044611
-0.812000	0.045228
-0.811000	0.045850
-0.810000	0.046477
-0.809000	0.047109
-0.808000	0.047746
-0.807000	0.048387
-0.806000	0.049034
-0.805000	0.049685
-0.804000	0.050340
-0.803000	0.051001
-0.802000	0.051666
-0.801000	0.052336
-0.800000	0.053011
-0.799000	0.053691
-0.798000	0.054376
-0.797000	0.055065
-0.796000	0.055759
-0.795000	0.056458
-0.794000	0.057162
-0.793000	0.057871
-0.792000	0.058584
-0.791000	0.059302
-0.790000	0.060025
-0.789000	0.060753
-0.788000	0.061485
-0.787000	0.062223
-0.786000	0.062965
-0.785000	0.063712
-0.784000	0.064464
-0.783000	0.065220
-0.782000	0.065981
-0.781000	0.066748
-0.780000	0.067518
-0.779000	0.068294
-0.778000	0.069075
-0.777000	0.069860
-0.776000	0.070650
-0.775000	0.071445
-0.774000	0.072244
-0.773000	0.073049
-0.772000	0.073858
-0.771000	0.074672
-0.770000	0.075490
-0.769000	0.076314
-0.768000	0.077142
-0.767000	0.077975
-0.766000	0.078812
-0.765000	0.079655
-0.764000	0.080502
-0.763000	0.081354
-0.762000	0.082210
-0.761000	0.083072
-0.760000	0.083938
-0.759000	0.084808
-0.758000	0.085684
-0.757000	0.086564
-0.756000	0.087449
-0.755000	0.088338
-0.754000	0.089233
-0.753000	0.090132
-0.752000	0.091035
-0.751000	0.091943
-0.750000	0.092856
-0.749000	0.093774
-0.748000	0.094696
-0.747000	0.095623
-0.746000	0.096555
-0.745000	0.097491
-0.744000	0.098432
-0.743000	0.099377
-0.742000	0.100328
-0.741000	0.101282
-0.740000	0.102242
-0.739000	0.103205
-0.738000	0.104174
-0.737000	0.105147
-0.736000	0.106125
-0.735000	0.107107
-0.734000	0.108094
-0.733000	0.109085
-0.732000	0.110081
-0.731000	0.111082
-0.730000	0.112087
-0.729000	0.113096
-0.728000	0.114110
-0.727000	0.115129
-0.726000	0.116152
-0.725000	0.117179
-0.724000	0.118211
-0.723000	0.119248
-0.722000	0.120288
-0.721000	0.121334
-0.720000	0.122384
-0.719000	0.123438
-0.718000	0.124497
-0.717000	0.125560
-0.716000	0.126627
-0.715000	0.127699
-0.714000	0.128776
-0.713000	0.129856
-0.712000	0.130941
-0.711000	0.132031
-0.710000	0.133125
-0.709000	0.134223
-0.708000	0.135325
-0.707000	0.136432
-0.706000	0.137543
-0.705000	0.138658
-0.704000	0.139778
-0.703000	0.140902
-0.702000	0.142030
-0.701000	0.143163
-0.700000	0.144299
-0.699000	0.145440
-0.698000	0.146585
-0.697000	0.147735
-0.696000	0.148888
-0.695000	0.150046
-0.694000	0.151208
-0.693000	0.152374
-0.692000	0.153545
-0.691000	0.154719
-0.690000	0.155897
-0.689000	0.157080
-0.688000	0.158267
-0.687000	0.159458
-0.686000	0.160653
-0.685000	0.161852
-0.684000	0.163055
-0.683000	0.164262
-0.682000	0.165473
-0.681000	0.166688
-0.680000	0.167908
-0.679000	0.169131
-0.678000	0.170358
-0.677000	0.171589
-0.676000	0.172824
-0.675000	0.174063
-0.674000	0.175306
-0.673000	0.176553
-0.672000	0.177804
-0.671000	0.179059
-0.670000	0.180317
-0.669000	0.181580
-0.668000	0.182846
-0.667000	0.184116
-0.666000	0.185390
-0.665000	0.186668
-0.664000	0.187950
-0.663000	0.189235
-0.662000	0.190524
-0.661000	0.191817
-0.660000	0.193114
-0.659000	0.194414
-0.658000	0.195718
-0.657000	0.197026
-0.656000	0.198337
-0.655000	0.199652
-0.654000	0.200971
-0.653000	0.202293
-0.652000	0.203619
-0.651000	0.204949
-0.650000	0.206282
-0.649000	0.207619
-0.648000	0.208960
-0.647000	0.210303
-0.646000	0.211651
-0.645000	0.213002
-0.644000	0.214356
-0.643000	0.215714
-0.642000	0.217076
-0.641000	0.218441
-0.640000	0.219809
-0.639000	0.221181
-0.638000	0.222556
-0.637000	0.223935
-0.636000	0.225317
-0.635000	0.226702
-0.634000	0.228091
-0.633000	0.229483
-0.632000	0.230878
-0.631000	0.232277
-0.630000	0.233679
-0.629000	0.235084
-0.628000	0.236492
-0.627000	0.237904
-0.626000	0.239319
-0.625000	0.240737
-0.624000	0.242159
-0.623000	0.243583
-0.622000	0.245011
-0.621000	0.246442
-0.620000	0.247875
-0.619000	0.249312
-0.618000	0.250753
-0.617000	0.252196
-0.616000	0.253642
-0.615000	0.255091
-0.614000	0.256544
-0.613000	0.257999
-0.612000	0.259457
-0.611000	0.260918
-0.610000	0.262383
-0.609000	0.263850
-0.608000	0.265320
-0.607000	0.266793
-0.606000	0.268269
-0.605000	0.269747
-0.604000	0.271229
-0.603000	0.272713
-0.602000	0.274201
-0.601000	0.275691
-0.600000	0.277184
-0.599000	0.278679
-0.598000	0.280177
-0.597000	0.281678
-0.596000	0.283182
-0.595000	0.284689
-0.594000	0.286198
-0.593000	0.287710
-0.592000	0.289224
-0.591000	0.290741
-0.590000	0.292261
-0.589000	0.293783
-0.588000	0.295308
-0.587000	0.296835
-0.586000	0.298365
-0.585000	0.299897
-0.584000	0.301432
-0.583000	0.302969
-0.582000	0.304509
-0.581000	0.306051
-0.580000	0.307596
-0.579000	0.309143
-0.578000	0.310693
-0.577000	0.312244
-0.576000	0.313799
-0.575000	0.315355
-0.574000	0.316914
-0.573000	0.318475
-0.572000	0.320038
-0.571000	0.321604
-0.570000	0.323172
-0.569000	0.324742
-0.568000	0.326314
-0.567000	0.327888
-0.566000	0.329465
-0.565000	0.331044
-0.564000	0.332625
-0.563000	0.334208
-0.562000	0.335793
-0.561000	0.337380
-0.560000	0.338969
-0.559000	0.340560
-0.558000	0.342153
-0.557000	0.343748
-0.556000	0.345345
-0.555000	0.346944
-0.554000	0.348545
-0.553000	0.350148
-0.552000	0.351753
-0.551000	0.353360
-0.550000	0.354968
-0.549000	0.356579
-0.548000	0.358191
-0.547000	0.359805
-0.546000	0.361421
-0.545000	0.363038
-0.544000	0.364657
-0.543000	0.366278
-0.542000	0.367901
-0.541000	0.369525
-0.540000	0.371151
-0.539000	0.372779
-0.538000	0.374408
-0.537000	0.376039
-0.536000	0.377671
-0.535000	0.379305
-0.534000	0.380941
-0.533000	0.382578
-0.532000	0.384216
-0.531000	0.385856
-0.530000	0.387498
-0.529000	0.389141
-0.528000	0.390785
-0.527000	0.392431
-0.526000	0.394078
-0.525000	0.395726
-0.524000	0.397376
-0.523000	0.399027
-0.522000	0.400680
-0.521000	0.402333
-0.520000	0.403988
-0.519000	0.405645
-0.518000	0.407302
-0.517000	0.408961
-0.516000	0.410620
-0.515000	0.412281
-0.514000	0.413944
-0.513000	0.415607
-0.512000	0.417271
-0.511000	0.418937
-0.510000	0.420603
-0.509000	0.422271
-0.508000	0.423939
-0.507000	0.425609
-0.506000	0.427279
-0.505000	0.428951
-0.504000	0.430623
-0.503000	0.432296
-0.502000	0.433971
-0.501000	0.435646
-0.500000	0.437322
-0.499000	0.438999
-0.498000	0.440676
-0.497000	0.442355
-0.496000	0.444034
-0.495000	0.445714
-0.494000	0.447395
-0.493000	0.449076
-0.492000	0.450758
-0.491000	0.452441
-0.490000	0.454124
-0.489000	0.455808
-0.488000	0.457493
-0.487000	0.459178
-0.486000	0.460864
-0.485000	0.462551
-0.484000	0.464238
-0.483000	0.465925
-0.482000	0.467613
-0.481000	0.469302
-0.480000	0.470990
-0.479000	0.472680
-0.478000	0.474369
-0.477000	0.476060
-0.476000	0.477750
-0.475000	0.479441
-0.474000	0.481132
-0.473000	0.482824
-0.472000	0.484515
-0.471000	0.486207
-0.470000	0.487900
-0.469000	0.489592
-0.468000	0.491285
-0.467000	0.492978
-0.466000	0.494671
-0.465000	0.496364
-0.464000	0.498057
-0.463000	0.499751
-0.462000	0.501444
-0.461000	0.503138
-0.460000	0.504832
-0.459000	0.506525
-0.458000	0.508219
-0.457000	0.509913
-0.456000	0.511606
-0.455000	0.513300
-0.454000	0.514993
-0.453000	0.516687
-0.452000	0.518380
-0.451000	0.520073
-0.450000	0.521766
-0.449000	0.523459
-0.448000	0.525151
-0.447000	0.526844
-0.446000	0.528536
-0.445000	0.530228
-0.444000	0.531919
-0.443000	0.533611
-0.442000	0.535301
-0.441000	0.536992
-0.440000	0.538682
-0.439000	0.540372
-0.438000	0.542062
-0.437000	0.543751
-0.436000	0.545439
-0.435000	0.547127
-0.434000	0.548815
-0.433000	0.550502
-0.432000	0.552189
-0.431000	0.553875
-0.430000	0.555560
-0.429000	0.557245
-0.428000	0.558930
-0.427000	0.560613
-0.426000	0.562296
-0.425000	0.563979
-0.424000	0.565661
-0.423000	0.567341
-0.422000	0.569022
-0.421000	0.570701
-0.420000	0.572380
-0.419000	0.574058
-0.418000	0.575735
-0.417000	0.577411
-0.416000	0.579087
-0.415000	0.580762
-0.414000	0.582435
-0.413000	0.584108
-0.412000	0.585780
-0.411000	0.587451
-0.410000	0.589121
-0.409000	0.590790
-0.408000	0.592458
-0.407000	0.594125
-0.406000	0.595791
-0.405000	0.597456
-0.404000	0.599119
-0.403000	0.600782
-0.402000	0.602444
-0.401000	0.604104
-0.400000	0.605763
-0.399000	0.607421
-0.398000	0.609078
-0.397000	0.610734
-0.396000	0.612388
-0.395000	0.614041
-0.394000	0.615693
-0.393000	0.617344
-0.392000	0.618993
-0.391000	0.620641
-0.390000	0.622287
-0.389000	0.623932
-0.388000	0.625576
-0.387000	0.627218
-0.386000	0.628859
-0.385000	0.630498
-0.384000	0.632136
-0.383000	0.633773
-0.382000	0.635408
-0.381000	0.637041
-0.380000	0.638673
-0.379000	0.640303
-0.378000	0.641932
-0.377000	0.643559
-0.376000	0.645184
-0.375000	0.646808
-0.374000	0.648430
-0.373000	0.650050
-0.372000	0.651669
-0.371000	0.653286
-0.370000	0.654901
-0.369000	0.656514
-0.368000	0.658126
-0.367000	0.659736
-0.366000	0.661344
-0.365000	0.662950
-0.364000	0.664554
-0.363000	0.666157
-0.362000	0.667757
-0.361000	0.669356
-0.360000	0.670953
-0.359000	0.672547
-0.358000	0.674140
-0.357000	0.675731
-0.356000	0.677319
-0.355000	0.678906
-0.354000	0.680491
-0.353000	0.682073
-0.352000	0.683654
-0.351000	0.685232
-0.350000	0.686808
-0.349000	0.688382
-0.348000	0.689954
-0.347000	0.691524
-0.346000	0.693092
-0.345000	0.694657
-0.344000	0.696220
-0.343000	0.697781
-0.342000	0.699339
-0.341000	0.700896
-0.340000	0.702450
-0.339000	0.704001
-0.338000	0.705550
-0.337000	0.707097
-0.336000	0.708642
-0.335000	0.710184
-0.334000	0.711724
-0.333000	0.713261
-0.332000	0.714796
-0.331000	0.716328
-0.330000	0.717858
-0.329000	0.719385
-0.328000	0.720910
-0.327000	0.722432
-0.326000	0.723952
-0.325000	0.725469
-0.324000	0.726984
-0.323000	0.728496
-0.322000	0.730005
-0.321000	0.731512
-0.320000	0.733016
-0.319000	0.734517
-0.318000	0.736015
-0.317000	0.737511
-0.316000	0.739004
-0.315000	0.740495
-0.314000	0.741982
-0.313000	0.743467
-0.312000	0.744949
-0.311000	0.746428
-0.310000	0.747904
-0.309000	0.749378
-0.308000	0.750848
-0.307000	0.752316
-0.306000	0.753781
-0.305000	0.755243
-0.304000	0.756702
-0.303000	0.758157
-0.302000	0.759610
-0.301000	0.761060
-0.300000	0.762507
-0.299000	0.763951
-0.298000	0.765392
-0.297000	0.766830
-0.296000	0.768265
-0.295000	0.769696
-0.294000	0.771125
-0.293000	0.772550
-0.292000	0.773972
-0.291000	0.775391
-0.290000	0.776807
-0.289000	0.778220
-0.288000	0.779629
-0.287000	0.781035
-0.286000	0.782438
-0.285000	0.783838
-0.284000	0.785235
-0.283000	0.786628
-0.282000	0.788017
-0.281000	0.789404
-0.280000	0.790787
-0.279000	0.792167
-0.278000	0.793543
-0.277000	0.794916
-0.276000	0.796286
-0.275000	0.797652
-0.274000	0.799015
-0.273000	0.800374
-0.272000	0.801730
-0.271000	0.803082
-0.270000	0.804431
-0.269000	0.805777
-0.268000	0.807118
-0.267000	0.808457
-0.266000	0.809791
-0.265000	0.811122
-0.264000	0.812450
-0.263000	0.813774
-0.262000	0.815094
-0.261000	0.816411
-0.260000	0.817724
-0.259000	0.819033
-0.258000	0.820338
-0.257000	0.821640
-0.256000	0.822939
-0.255000	0.824233
-0.254000	0.825524
-0.253000	0.826811
-0.252000	0.828094
-0.251000	0.829373
-0.250000	0.830649
-0.249000	0.831921
-0.248000	0.833188
-0.247000	0.834452
-0.246000	0.835713
-0.245000	0.836969
-0.244000	0.838221
-0.243000	0.839470
-0.242000	0.840715
-0.241000	0.841955
-0.240000	0.843192
-0.239000	0.844425
-0.238000	0.845653
-0.237000	0.846878
-0.236000	0.848099
-0.235000	0.849316
-0.234000	0.850528
-0.233000	0.851737
-0.232000	0.852942
-0.231000	0.854142
-0.230000	0.855339
-0.229000	0.856531
-0.228000	0.857719
-0.227000	0.858903
-0.226000	0.860083
-0.225000	0.861259
-0.224000	0.862430
-0.223000	0.863598
-0.222000	0.864761
-0.221000	0.865920
-0.220000	0.867075
-0.219000	0.868225
-0.218000	0.869371
-0.217000	0.870513
-0.216000	0.871651
-0.215000	0.872785
-0.214000	0.873914
-0.213000	0.875038
-0.212000	0.876159
-0.211000	0.877275
-0.210000	0.878387
-0.209000	0.879494
-0.208000	0.880597
-0.207000	0.881696
-0.206000	0.882790
-0.205000	0.883880
-0.204000	0.884965
-0.203000	0.886046
-0.202000	0.887123
-0.201000	0.888195
-0.200000	0.889262
-0.199000	0.890325
-0.198000	0.891384
-0.197000	0.892438
-0.196000	0.893487
-0.195000	0.894532
-0.194000	0.895572
-0.193000	0.896608
-0.192000	0.897639
-0.191000	0.898666
-0.190000	0.899688
-0.189000	0.900705
-0.188000	0.901718
-0.187000	0.902726
-0.186000	0.903730
-0.185000	0.904729
-0.184000	0.905723
-0.183000	0.906712
-0.182000	0.907697
-0.181000	0.908677
-0.180000	0.909653
-0.179000	0.910623
-0.178000	0.911589
-0.177000	0.912550
-0.176000	0.913507
-0.175000	0.914458
-0.174000	0.915405
-0.173000	0.916347
-0.172000	0.917285
-0.171000	0.918217
-0.170000	0.919145
-0.169000	0.920067
-0.168000	0.920985
-0.167000	0.921898
-0.166000	0.922807
-0.165000	0.923710
-0.164000	0.924608
-0.163000	0.925502
-0.162000	0.926391
-0.161000	0.927274
-0.160000	0.928153
-0.159000	0.929027
-0.158000	0.929896
-0.157000	0.930760
-0.156000	0.931619
-0.155000	0.932473
-0.154000	0.933322
-0.153000	0.934166
-0.152000	0.935005
-0.151000	0.935839
-0.150000	0.936668
-0.149000	0.937492
-0.148000	0.938311
-0.147000	0.939125
-0.146000	0.939934
-0.145000	0.940737
-0.144000	0.941536
-0.143000	0.942329
-0.142000	0.943118
-0.141000	0.943901
-0.140000	0.944680
-0.139000	0.945453
-0.138000	0.946221
-0.137000	0.946983
-0.136000	0.947741
-0.135000	0.948494
-0.134000	0.949241
-0.133000	0.949983
-0.132000	0.950720
-0.131000	0.951452
-0.130000	0.952179
-0.129000	0.952900
-0.128000	0.953616
-0.127000	0.954327
-0.126000	0.955033
-0.125000	0.955733
-0.124000	0.956428
-0.123000	0.957118
-0.122000	0.957803
-0.121000	0.958482
-0.120000	0.959157
-0.119000	0.959825
-0.118000	0.960489
-0.117000	0.961147
-0.116000	0.961800
-0.115000	0.962448
-0.114000	0.963090
-0.113000	0.963727
-0.112000	0.964359
-0.111000	0.964985
-0.110000	0.965606
-0.109000	0.966221
-0.108000	0.966831
-0.107000	0.967436
-0.106000	0.968036
-0.105000	0.968630
-0.104000	0.969218
-0.103000	0.969802
-0.102000	0.970379
-0.101000	0.970952
-0.100000	0.971519
-0.099000	0.972080
-0.098000	0.972636
-0.097000	0.973187
-0.096000	0.973732
-0.095000	0.974272
-0.094000	0.974806
-0.093000	0.975335
-0.092000	0.975859
-0.091000	0.976377
-0.090000	0.976889
-0.089000	0.977396
-0.088000	0.977897
-0.087000	0.978393
-0.086000	0.978884
-0.085000	0.979369
-0.084000	0.979848
-0.083000	0.980322
-0.082000	0.980790
-0.081000	0.981253
-0.080000	0.981710
-0.079000	0.982162
-0.078000	0.982608
-0.077000	0.983049
-0.076000	0.983484
-0.075000	0.983913
-0.074000	0.984337
-0.073000	0.984756
-0.072000	0.985168
-0.071000	0.985576
-0.070000	0.985977
-0.069000	0.986373
-0.068000	0.986764
-0.067000	0.987148
-0.066000	0.987528
-0.065000	0.987901
-0.064000	0.988269
-0.063000	0.988632
-0.062000	0.988988
-0.061000	0.989339
-0.060000	0.989685
-0.059000	0.990025
-0.058000	0.990359
-0.057000	0.990688
-0.056000	0.991010
-0.055000	0.991328
-0.054000	0.991639
-0.053000	0.991945
-0.052000	0.992246
-0.051000	0.992540
-0.050000	0.992829
-0.049000	0.993113
-0.048000	0.993390
-0.047000	0.993662
-0.046000	0.993929
-0.045000	0.994189
-0.044000	0.994444
-0.043000	0.994693
-0.042000	0.994937
-0.041000	0.995175
-0.040000	0.995407
-0.039000	0.995633
-0.038000	0.995854
-0.037000	0.996069
-0.036000	0.996279
-0.035000	0.996482
-0.034000	0.996680
-0.033000	0.996872
-0.032000	0.997059
-0.031000	0.997240
-0.030000	0.997415
-0.029000	0.997584
-0.028000	0.997748
-0.027000	0.997906
-0.026000	0.998058
-0.025000	0.998204
-0.024000	0.998345
-0.023000	0.998480
-0.022000	0.998609
-0.021000	0.998733
-0.020000	0.998850
-0.019000	0.998962
-0.018000	0.999069
-0.017000	0.999169
-0.016000	0.999264
-0.015000	0.999353
-0.014000	0.999437
-0.013000	0.999514
-0.012000	0.999586
-0.011000	0.999652
-0.010000	0.999713
-0.009000	0.999767
-0.008000	0.999816
-0.007000	0.999859
-0.006000	0.999897
-0.005000	0.999928
-0.004000	0.999954
-0.003000	0.999974
-0.002000	0.999989
-0.001000	0.999997
0.000000	1.000000
0.001000	0.999997
0.002000	0.999989
0.003000	0.999974
0.004000	0.999954
0.005000	0.999928
0.006000	0.999897
0.007000	0.999859
0.008000	0.999816
0.009000	0.999767
0.010000	0.999713
0.011000	0.999652
0.012000	0.999586
0.013000	0.999514
0.014000	0.999437
0.015000	0.999353
0.016000	0.999264
0.017000	0.999169
0.018000	0.999069
0.019000	0.998962
0.020000	0.998850
0.021000	0.998733
0.022000	0.998609
0.023000	0.998480
0.024000	0.998345
0.025000	0.998204
0.026000	0.998058
0.027000	0.997906
0.028000	0.997748
0.029000	0.997584
0.030000	0.997415
0.031000	0.997240
0.032000	0.997059
0.033000	0.996872
0.034000	0.996680
0.035000	0.996482
0.036000	0.996279
0.037000	0.996069
0.038000	0.995854
0.039000	0.995633
0.040000	0.995407
0.041000	0.995175
0.042000	0.994937
0.043000	0.994693
0.044000	0.994444
0.045000	0.994189
0.046000	0.993929
0.047000	0.993662
0.048000	0.993390
0.049000	0.993113
0.050000	0.992829
0.051000	0.992540
0.052000	0.992246
0.053000	0.991945
0.054000	0.991639
0.055000	0.991328
0.056000	0.991010
0.057000	0.990688
0.058000	0.990359
0.059000	0.990025
0.060000	0.989685
0.061000	0.989339
0.062000	0.988988
0.063000	0.988632
0.064000	0.988269
0.065000	0.987901
0.066000	0.987528
0.067000	0.987148
0.068000	0.986764
0.069000	0.986373
0.070000	0.985977
0.071000	0.985576
0.072000	0.985168
0.073000	0.984756
0.074000	0.984337
0.075000	0.983913
0.076000	0.983484
0.077000	0.983049
0.078000	0.982608
0.079000	0.982162
0.080000	0.981710
0.081000	0.981253
0.082000	0.980790
0.083000	0.980322
0.084000	0.979848
0.085000	0.979369
0.086000	0.978884
0.087000	0.978393
0.088000	0.977897
0.089000	0.977396
0.090000	0.976889
0.091000	0.976377
0.092000	0.975859
0.093000	0.975335
0.094000	0.974806
0.095000	0.974272
0.096000	0.973732
0.097000	0.973187
0.098000	0.972636
0.099000	0.972080
0.100000	0.971519
0.101000	0.970952
0.102000	0.970379
0.103000	0.969802
0.104000	0.969218
0.105000	0.968630
0.106000	0.968036
0.107000	0.967436
0.108000	0.966831
0.109000	0.966221
0.110000	0.965606
0.111000	0.964985
0.112000	0.964359
0.113000	0.963727
0.114000	0.963090
0.115000	0.962448
0.116000	0.961800
0.117000	0.961147
0.118000	0.960489
0.119000	0.959825
0.120000	0.959157
0.121000	0.958482
0.122000	0.957803
0.123000	0.957118
0.124000	0.956428
0.125000	0.955733
0.126000	0.955033
0.127000	0.954327
0.128000	0.953616
0.129000	0.952900
0.130000	0.952179
0.131000	0.951452
0.132000	0.950720
0.133000	0.949983
0.134000	0.949241
0.135000	0.948494
0.136000	0.947741
0.137000	0.946983
0.138000	0.946221
0.139000	0.945453
0.140000	0.944680
0.141000	0.943901
0.142000	0.943118
0.143000	0.942329
0.144000	0.941536
0.145000	0.940737
0.146000	0.939934
0.147000	0.939125
0.148000	0.938311
0.149000	0.937492
0.150000	0.936668
0.151000	0.935839
0.152000	0.935005
0.153000	0.934166
0.154000	0.933322
0.155000	0.932473
0.156000	0.931619
0.157000	0.930760
0.158000	0.929896
0.159000	0.929027
0.160000	0.928153
0.161000	0.927274
0.162000	0.926391
0.163000	0.925502
0.164000	0.924608
0.165000	0.923710
0.166000	0.922807
0.167000	0.921898
0.168000	0.920985
0.169000	0.920067
0.170000	0.919145
0.171000	0.918217
0.172000	0.917285
0.173000	0.916347
0.174000	0.915405
0.175000	0.914458
0.176000	0.913507
0.177000	0.912550
0.178000	0.911589
0.179000	0.910623
0.180000	0.909653
0.181000	0.908677
0.182000	0.907697
0.183000	0.906712
0.184000	0.905723
0.185000	0.904729
0.186000	0.903730
0.187000	0.902726
0.188000	0.901718
0.189000	0.900705
0.190000	0.899688
0.191000	0.898666
0.192000	0.897639
0.193000	0.896608
0.194000	0.895572
0.195000	0.894532
0.196000	0.893487
0.197000	0.892438
0.198000	0.891384
0.199000	0.890325
0.200000	0.889262
0.201000	0.888195
0.202000	0.887123
0.203000	0.886046
0.204000	0.884965
0.205000	0.883880
0.206000	0.882790
0.207000	0.881696
0.208000	0.880597
0.209000	0.879494
0.210000	0.878387
0.211000	0.877275
0.212000	0.876159
0.213000	0.875038
0.214000	0.873914
0.215000	0.872785
0.216000	0.871651
0.217000	0.870513
0.218000	0.869371
0.219000	0.868225
0.220000	0.867075
0.221000	0.865920
0.222000	0.864761
0.223000	0.863598
0.224000	0.862430
0.225000	0.861259
0.226000	0.860083
0.227000	0.858903
0.228000	0.857719
0.229000	0.856531
0.230000	0.855339
0.231000	0.854142
0.232000	0.852942
0.233000	0.851737
0.234000	0.850528
0.235000	0.849316
0.236000	0.848099
0.237000	0.846878
0.238000	0.845653
0.239000	0.844425
0.240000	0.843192
0.241000	0.841955
0.242000	0.840715
0.243000	0.839470
0.244000	0.838221
0.245000	0.836969
0.246000	0.835713
0.247000	0.834452
0.248000	0.833188
0.249000	0.831921
0.250000	0.830649
0.251000	0.829373
0.252000	0.828094
0.253000	0.826811
0.254000	0.825524
0.255000	0.824233
0.256000	0.822939
0.257000	0.821640
0.258000	0.820338
0.259000	0.819033
0.260000	0.817724
0.261000	0.816411
0.262000	0.815094
0.263000	0.813774
0.264000	0.812450
0.265000	0.811122
0.266000	0.809791
0.267000	0.808457
0.268000	0.807118
0.269000	0.805777
0.270000	0.804431
0.271000	0.803082
0.272000	0.801730
0.273000	0.800374
0.274000	0.799015
0.275000	0.797652
0.276000	0.796286
0.277000	0.794916
0.278000	0.793543
0.279000	0.792167
0.280000	0.790787
0.281000	0.789404
0.282000	0.788017
0.283000	0.786628
0.284000	0.785235
0.285000	0.783838
0.286000	0.782438
0.287000	0.781035
0.288000	0.779629
0.289000	0.778220
0.290000	0.776807
0.291000	0.775391
0.292000	0.773972
0.293000	0.772550
0.294000	0.771125
0.295000	0.769696
0.296000	0.768265
0.297000	0.766830
0.298000	0.765392
0.299000	0.763951
0.300000	0.762507
0.301000	0.761060
0.302000	0.759610
0.303000	0.758157
0.304000	0.756702
0.305000	0.755243
0.306000	0.753781
0.307000	0.752316
0.308000	0.750848
0.309000	0.749378
0.310000	0.747904
0.311000	0.746428
0.312000	0.744949
0.313000	0.743467
0.314000	0.741982
0.315000	0.740495
0.316000	0.739004
0.317000	0.737511
0.318000	0.736015
0.319000	0.734517
0.320000	0.733016
0.321000	0.731512
0.322000	0.730005
0.323000	0.728496
0.324000	0.726984
0.325000	0.725469
0.326000	0.723952
0.327000	0.722432
0.328000	0.720910
0.329000	0.719385
0.330000	0.717858
0.331000	0.716328
0.332000	0.714796
0.333000	0.713261
0.334000	0.711724
0.335000	0.710184
0.336000	0.708642
0.337000	0.707097
0.338000	0.705550
0.339000	0.704001
0.340000	0.702450
0.341000	0.700896
0.342000	0.699339
0.343000	0.697781
0.344000	0.696220
0.345000	0.694657
0.346000	0.693092
0.347000	0.691524
0.348000	0.689954
0.349000	0.688382
0.350000	0.686808
0.351000	0.685232
0.352000	0.683654
0.353000	0.682073
0.354000	0.680491
0.355000	0.678906
0.356000	0.677319
0.357000	0.675731
0.358000	0.674140
0.359000	0.672547
0.360000	0.670953
0.361000	0.669356
0.362000	0.667757
0.363000	0.666157
0.364000	0.664554
0.365000	0.662950
0.366000	0.661344
0.367000	0.659736
0.368000	0.658126
0.369000	0.656514
0.370000	0.654901
0.371000	0.653286
0.372000	0.651669
0.373000	0.650050
0.374000	0.648430
0.375000	0.646808
0.376000	0.645184
0.377000	0.643559
0.378000	0.641932
0.379000	0.640303
0.380000	0.638673
0.381000	0.637041
0.382000	0.635408
0.383000	0.633773
0.384000	0.632136
0.385000	0.630498
0.386000	0.628859
0.387000	0.627218
0.388000	0.625576
0.389000	0.623932
0.390000	0.622287
0.391000	0.620641
0.392000	0.618993
0.393000	0.617344
0.394000	0.615693
0.395000	0.614041
0.396000	0.612388
0.397000	0.610734
0.398000	0.609078
0.399000	0.607421
0.400000	0.605763
0.401000	0.604104
0.402000	0.602444
0.403000	0.600782
0.404000	0.599119
0.405000	0.597456
0.406000	0.595791
0.407000	0.594125
0.408000	0.592458
0.409000	0.590790
0.410000	0.589121
0.411000	0.587451
0.412000	0.585780
0.413000	0.584108
0.414000	0.582435
0.415000	0.580762
0.416000	0.579087
0.417000	0.577411
0.418000	0.575735
0.419000	0.574058
0.420000	0.572380
0.421000	0.570701
0.422000	0.569022
0.423000	0.567341
0.424000	0.565661
0.425000	0.563979
0.426000	0.562296
0.427000	0.560613
0.428000	0.558930
0.429000	0.557245
0.430000	0.555560
0.431000	0.553875
0.432000	0.552189
0.433000	0.550502
0.434000	0.548815
0.435000	0.547127
0.436000	0.545439
0.437000	0.543751
0.438000	0.542062
0.439000	0.540372
0.440000	0.538682
0.441000	0.536992
0.442000	0.535301
0.443000	0.533611
0.444000	0.531919
0.445000	0.530228
0.446000	0.528536
0.447000	0.526844
0.448000	0.525151
0.449000	0.523459
0.450000	0.521766
0.451000	0.520073
0.452000	0.518380
0.453000	0.516687
0.454000	0.514993
0.455000	0.513300
0.456000	0.511606
0.457000	0.509913
0.458000	0.508219
0.459000	0.506525
0.460000	0.504832
0.461000	0.503138
0.462000	0.501444
0.463000	0.499751
0.464000	0.498057
0.465000	0.496364
0.466000	0.494671
0.467000	0.492978
0.468000	0.491285
0.469000	0.489592
0.470000	0.487900
0.471000	0.486207
0.472000	0.484515
0.473000	0.482824
0.474000	0.481132
0.475000	0.479441
0.476000	0.477750
0.477000	0.476060
0.478000	0.474369
0.479000	0.472680
0.480000	0.470990
0.481000	0.469302
0.482000	0.467613
0.483000	0.465925
0.484000	0.464238
0.485000	0.462551
0.486000	0.460864
0.487000	0.459178
0.488000	0.457493
0.489000	0.455808
0.490000	0.454124
0.491000	0.452441
0.492000	0.450758
0.493000	0.449076
0.494000	0.447395
0.495000	0.445714
0.496000	0.444034
0.497000	0.442355
0.498000	0.440676
0.499000	0.438999
0.500000	0.437322
0.501000	0.435646
0.502000	0.433971
0.503000	0.432296
0.504000	0.430623
0.505000	0.428951
0.506000	0.427279
0.507000	0.425609
0.508000	0.423939
0.509000	0.422271
0.510000	0.420603
0.511000	0.418937
0.512000	0.417271
0.513000	0.415607
0.514000	0.413944
0.515000	0.412281
0.516000	0.410620
0.517000	0.408961
0.518000	0.407302
0.519000	0.405645
0.520000	0.403988
0.521000	0.402333
0.522000	0.400680
0.523000	0.399027
0.524000	0.397376
0.525000	0.395726
0.526000	0.394078
0.527000	0.392431
0.528000	0.390785
0.529000	0.389141
0.530000	0.387498
0.531000	0.385856
0.532000	0.384216
0.533000	0.382578
0.534000	0.380941
0.535000	0.379305
0.536000	0.377671
0.537000	0.376039
0.538000	0.374408
0.539000	0.372779
0.540000	0.371151
0.541000	0.369525
0.542000	0.367901
0.543000	0.366278
0.544000	0.364657
0.545000	0.363038
0.546000	0.361421
0.547000	0.359805
0.548000	0.358191
0.549000	0.356579
0.550000	0.354968
0.551000	0.353360
0.552000	0.351753
0.553000	0.350148
0.554000	0.348545
0.555000	0.346944
0.556000	0.345345
0.557000	0.343748
0.558000	0.342153
0.559000	0.340560
0.560000	0.338969
0.561000	0.337380
0.562000	0.335793
0.563000	0.334208
0.564000	0.332625
0.565000	0.331044
0.566000	0.329465
0.567000	0.327888
0.568000	0.326314
0.569000	0.324742
0.570000	0.323172
0.571000	0.321604
0.572000	0.320038
0.573000	0.318475
0.574000	0.316914
0.575000	0.315355
0.576000	0.313799
0.577000	0.312244
0.578000	0.310693
0.579000	0.309143
0.580000	0.307596
0.581000	0.306051
0.582000	0.304509
0.583000	0.302969
0.584000	0.301432
0.585000	0.299897
0.586000	0.298365
0.587000	0.296835
0.588000	0.295308
0.589000	0.293783
0.590000	0.292261
0.591000	0.290741
0.592000	0.289224
0.593000	0.287710
0.594000	0.286198
0.595000	0.284689
0.596000	0.283182
0.597000	0.281678
0.598000	0.280177
0.599000	0.278679
0.600000	0.277184
0.601000	0.275691
0.602000	0.274201
0.603000	0.272713
0.604000	0.271229
0.605000	0.269747
0.606000	0.268269
0.607000	0.266793
0.608000	0.265320
0.609000	0.263850
0.610000	0.262383
0.611000	0.260918
0.612000	0.259457
0.613000	0.257999
0.614000	0.256544
0.615000	0.255091
0.616000	0.253642
0.617000	0.252196
0.618000	0.250753
0.619000	0.249312
0.620000	0.247875
0.621000	0.246442
0.622000	0.245011
0.623000	0.243583
0.624000	0.242159
0.625000	0.240737
0.626000	0.239319
0.627000	0.237904
0.628000	0.236492
0.629000	0.235084
0.630000	0.233679
0.631000	0.232277
0.632000	0.230878
0.633000	0.229483
0.634000	0.228091
0.635000	0.226702
0.636000	0.225317
0.637000	0.223935
0.638000	0.222556
0.639000	0.221181
0.640000	0.219809
0.641000	0.218441
0.642000	0.217076
0.643000	0.215714
0.644000	0.214356
0.645000	0.213002
0.646000	0.211651
0.647000	0.210303
0.648000	0.208960
0.649000	0.207619
0.650000	0.206282
0.651000	0.204949
0.652000	0.203619
0.653000	0.202293
0.654000	0.200971
0.655000	0.199652
0.656000	0.198337
0.657000	0.197026
0.658000	0.195718
0.659000	0.194414
0.660000	0.193114
0.661000	0.191817
0.662000	0.190524
0.663000	0.189235
0.664000	0.187950
0.665000	0.186668
0.666000	0.185390
0.667000	0.184116
0.668000	0.182846
0.669000	0.181580
0.670000	0.180317
0.671000	0.179059
0.672000	0.177804
0.673000	0.176553
0.674000	0.175306
0.675000	0.174063
0.676000	0.172824
0.677000	0.171589
0.678000	0.170358
0.679000	0.169131
0.680000	0.167908
0.681000	0.166688
0.682000	0.165473
0.683000	0.164262
0.684000	0.163055
0.685000	0.161852
0.686000	0.160653
0.687000	0.159458
0.688000	0.158267
0.689000	0.157080
0.690000	0.155897
0.691000	0.154719
0.692000	0.153545
0.693000	0.152374
0.694000	0.151208
0.695000	0.150046
0.696000	0.148888
0.697000	0.147735
0.698000	0.146585
0.699000	0.145440
0.700000	0.144299
0.701000	0.143163
0.702000	0.142030
0.703000	0.140902
0.704000	0.139778
0.705000	0.138658
0.706000	0.137543
0.707000	0.136432
0.708000	0.135325
0.709000	0.134223
0.710000	0.133125
0.711000	0.132031
0.712000	0.130941
0.713000	0.129856
0.714000	0.128776
0.715000	0.127699
0.716000	0.126627
0.717000	0.125560
0.718000	0.124497
0.719000	0.123438
0.720000	0.122384
0.721000	0.121334
0.722000	0.120288
0.723000	0.119248
0.724000	0.118211
0.725000	0.117179
0.726000	0.116152
0.727000	0.115129
0.728000	0.114110
0.729000	0.113096
0.730000	0.112087
0.731000	0.111082
0.732000	0.110081
0.733000	0.109085
0.734000	0.108094
0.735000	0.107107
0.736000	0.106125
0.737000	0.105147
0.738000	0.104174
0.739000	0.103205
0.740000	0.102242
0.741000	0.101282
0.742000	0.100328
0.743000	0.099377
0.744000	0.098432
0.745000	0.097491
0.746000	0.096555
0.747000	0.095623
0.748000	0.094696
0.749000	0.093774
0.750000	0.092856
0.751000	0.091943
0.752000	0.091035
0.753000	0.090132
0.754000	0.089233
0.755000	0.088338
0.756000	0.087449
0.757000	0.086564
0.758000	0.085684
0.759000	0.084808
0.760000	0.083938
0.761000	0.083072
0.762000	0.082210
0.763000	0.081354
0.764000	0.080502
0.765000	0.079655
0.766000	0.078812
0.767000	0.077975
0.768000	0.077142
0.769000	0.076314
0.770000	0.075490
0.771000	0.074672
0.772000	0.073858
0.773000	0.073049
0.774000	0.072244
0.775000	0.071445
0.776000	0.070650
0.777000	0.069860
0.778000	0.069075
0.779000	0.068294
0.780000	0.067518
0.781000	0.066748
0.782000	0.065981
0.783000	0.065220
0.784000	0.064464
0.785000	0.063712
0.786000	0.062965
0.787000	0.062223
0.788000	0.061485
0.789000	0.060753
0.790000	0.060025
0.791000	0.059302
0.792000	0.058584
0.793000	0.057871
0.794000	0.057162
0.795000	0.056458
0.796000	0.055759
0.797000	0.055065
0.798000	0.054376
0.799000	0.053691
0.800000	0.053011
0.801000	0.052336
0.802000	0.051666
0.803000	0.051001
0.804000	0.050340
0.805000	0.049685
0.806000	0.049034
0.807000	0.048387
0.808000	0.047746
0.809000	0.047109
0.810000	0.046477
0.811000	0.045850
0.812000	0.045228
0.813000	0.044611
0.814000	0.043998
0.815000	0.043390
0.816000	0.042787
0.817000	0.042188
0.818000	0.041595
0.819000	0.041006
0.820000	0.040422
0.821000	0.039842
0.822000	0.039268
0.823000	0.038698
0.824000	0.038133
0.825000	0.037572
0.826000	0.037016
0.827000	0.036465
0.828000	0.035919
0.829000	0.035378
0.830000	0.034841
0.831000	0.034309
0.832000	0.033781
0.833000	0.033258
0.834000	0.032740
0.835000	0.032227
0.836000	0.031718
0.837000	0.031214
0.838000	0.030715
0.839000	0.030220
0.840000	0.029730
0.841000	0.029245
0.842000	0.028764
0.843000	0.028288
0.844000	0.027816
0.845000	0.027349
0.846000	0.026887
0.847000	0.026429
0.848000	0.025976
0.849000	0.025527
0.850000	0.025083
0.851000	0.024644
0.852000	0.024209
0.853000	0.023778
0.854000	0.023352
0.855000	0.022931
0.856000	0.022514
0.857000	0.022102
0.858000	0.021694
0.859000	0.021290
0.860000	0.020891
0.861000	0.020497
0.862000	0.020107
0.863000	0.019721
0.864000	0.019340
0.865000	0.018963
0.866000	0.018591
0.867000	0.018223
0.868000	0.017859
0.869000	0.017500
0.870000	0.017145
0.871000	0.016794
0.872000	0.016448
0.873000	0.016106
0.874000	0.015768
0.875000	0.015435
0.876000	0.015105
0.877000	0.014780
0.878000	0.014460
0.879000	0.014143
0.880000	0.013831
0.881000	0.013523
0.882000	0.013219
0.883000	0.012919
0.884000	0.012623
0.885000	0.012332
0.886000	0.012044
0.887000	0.011761
0.888000	0.011482
0.889000	0.011207
0.890000	0.010935
0.891000	0.010668
0.892000	0.010405
0.893000	0.010146
0.894000	0.009891
0.895000	0.009639
0.896000	0.009392
0.897000	0.009149
0.898000	0.008909
0.899000	0.008673
0.900000	0.008441
0.901000	0.008213
0.902000	0.007989
0.903000	0.007769
0.904000	0.007552
0.905000	0.007339
0.906000	0.007130
0.907000	0.006925
0.908000	0.006723
0.909000	0.006525
0.910000	0.006330
0.911000	0.006139
0.912000	0.005952
0.913000	0.005768
0.914000	0.005588
0.915000	0.005411
0.916000	0.005238
0.917000	0.005069
0.918000	0.004902
0.919000	0.004740
0.920000	0.004580
0.921000	0.004424
0.922000	0.004271
0.923000	0.004122
0.924000	0.003976
0.925000	0.003833
0.926000	0.003693
0.927000	0.003557
0.928000	0.003424
0.929000	0.003294
0.930000	0.003167
0.931000	0.003043
0.932000	0.002922
0.933000	0.002805
0.934000	0.002690
0.935000	0.002578
0.936000	0.002470
0.937000	0.002364
0.938000	0.002261
0.939000	0.002161
0.940000	0.002064
0.941000	0.001969
0.942000	0.001877
0.943000	0.001789
0.944000	0.001702
0.945000	0.001619
0.946000	0.001538
0.947000	0.001460
0.948000	0.001384
0.949000	0.001311
0.950000	0.001240
0.951000	0.001172
0.952000	0.001106
0.953000	0.001042
0.954000	0.000981
0.955000	0.000923
0.956000	0.000866
0.957000	0.000812
0.958000	0.000760
0.959000	0.000710
0.960000	0.000662
0.961000	0.000617
0.962000	0.000573
0.963000	0.000532
0.964000	0.000492
0.965000	0.000455
0.966000	0.000419
0.967000	0.000385
0.968000	0.000353
0.969000	0.000323
0.970000	0.000294
0.971000	0.000267
0.972000	0.000242
0.973000	0.000218
0.974000	0.000196
0.975000	0.000175
0.976000	0.000156
0.977000	0.000138
0.978000	0.000122
0.979000	0.000107
0.980000	0.000093
0.981000	0.000080
0.982000	0.000069
0.983000	0.000059
0.984000	0.000049
0.985000	0.000041
0.986000	0.000034
0.987000	0.000027
0.988000	0.000022
0.989000	0.000017
0.990000	0.000013
0.991000	0.000010
0.992000	0.000007
0.993000	0.000005
0.994000	0.000003
0.995000	0.000002
0.996000	0.000001
0.997000	0.000000
0.998000	0.000000
0.999000	0.000000
1.000000	0.000000
1.001000	0.000000
1.002000	0.000000
1.003000	0.000000
1.004000	0.000000
1.005000	0.000000
1.006000	0.000000
1.007000	0.000000
1.008000	0.000000
1.009000	0.000000
1.010000	0.000000
1.011000	0.000000
1.012000	0.000000
1.013000	0.000000
1.014000	0.000000
1.015000	0.000000
1.016000	0.000000
1.017000	0.000000
1.018000	0.000000
1.019000	0.000000
1.020000	0.000000
1.021000	0.000000
1.022000	0.000000
1.023000	0.000000
1.024000	0.000000
1.025000	0.000000
1.026000	0.000000
1.027000	0.000000
1.028000	0.000000
1.029000	0.000000
1.030000	0.000000
1.031000	0.000000
1.032000	0.000000
1.033000	0.000000
1.034000	0.000000
1.035000	0.000000
1.036000	0.000000
1.037000	0.000000
1.038000	0.000000
1.039000	0.000000
1.040000	0.000000
1.041000	0.000000
1.042000	0.000000
1.043000	0.000000
1.044000	0.000000
1.045000	0.000000
1.046000	0.000000
1.047000	0.000000
1.048000	0.000000
1.049000	0.000000
1.050000	0.000000
1.051000	0.000000
1.052000	0.000000
1.053000	0.000000
1.054000	0.000000
1.055000	0.000000
1.056000	0.000000
1.057000	0.000000
1.058000	0.000000
1.059000	0.000000
1.060000	0.000000
1.061000	0.000000
1.062000	0.000000
1.063000	0.000000
1.064000	0.000000
1.065000	0.000000
1.066000	0.000000
1.067000	0.000000
1.068000	0.000000
1.069000	0.000000
1.070000	0.000000
1.071000	0.000000
1.072000	0.000000
1.073000	0.000000
1.074000	0.000000
1.075000	0.000000
1.076000	0.000000
1.077000	0.000000
1.078000	0.000000
1.079000	0.000000
1.080000	0.000000
1.081000	0.000000
1.082000	0.000000
1.083000	0.000000
1.084000	0.000000
1.085000	0.000000
1.086000	0.000000
1.087000	0.000000
1.088000	0.000000
1.089000	0.000000
1.090000	0.000000
1.091000	0.000000
1.092000	0.000000
1.093000	0.000000
1.094000	0.000000
1.095000	0.000000
1.096000	0.000000
1.097000	0.000000
1.098000	0.000000
1.099000	0.000000
1.100000	0.000000
1.101000	0.000000
1.102000	0.000000
1.103000	0.000000
1.104000	0.000000
1.105000	0.000000
1.106000	0.000000
1.107000	0.000000
1.108000	0.000000
1.109000	0.000000
1.110000	0.000000
1.111000	0.000000
1.112000	0.000000
1.113000	0.000000
1.114000	0.000000
1.115000	0.000000
1.116000	0.000000
1.117000	0.000000
1.118000	0.000000
1.119000	0.000000
1.120000	0.000000
1.121000	0.000000
1.122000	0.000000
1.123000	0.000000
1.124000	0.000000
1.125000	0.000000
1.126000	0.000000
1.127000	0.000000
1.128000	0.000000
1.129000	0.000000
1.130000	0.000000
1.131000	0.000000
1.132000	0.000000
1.133000	0.000000
1.134000	0.000000
1.135000	0.000000
1.136000	0.000000
1.137000	0.000000
1.138000	0.000000
1.139000	0.000000
1.140000	0.000000
1.141000	0.000000
1.142000	0.000000
1.143000	0.000000
1.144000	0.000000
1.145000	0.000000
1.146000	0.000000
1.147000	0.000000
1.148000	0.000000
1.149000	0.000000
1.150000	0.000000
1.151000	0.000000
1.152000	0.000000
1.153000	0.000000
1.154000	0.000000
1.155000	0.000000
1.156000	0.000000
1.157000	0.000000
1.158000	0.000000
1.159000	0.000000
1.160000	0.000000
1.161000	0.000000
1.162000	0.000000
1.163000	0.000000
1.164000	0.000000
1.165000	0.000000
1.166000	0.000000
1.167000	0.000000
1.168000	0.000000
1.169000	0.000000
1.170000	0.000000
1.171000	0.000000
1.172000	0.000000
1.173000	0.000000
1.174000	0.000000
1.175000	0.000000
1.176000	0.000000
1.177000	0.000000
1.178000	0.000000
1.179000	0.000000
1.180000	0.000000
1.181000	0.000000
1.182000	0.000000
1.183000	0.000000
1.184000	0.000000
1.185000	0.000000
1.186000	0.000000
1.187000	0.000000
1.188000	0.000000
1.189000	0.000000
1.190000	0.000000
1.191000	0.000000
1.192000	0.000000
1.193000	0.000000
1.194000	0.000000
1.195000	0.000000
1.196000	0.000000
1.197000	0.000000
1.198000	0.000000
1.199000	0.000000
1.200000	0.000000
1.201000	0.000000
1.202000	0.000000
1.203000	0.000000
1.204000	0.000000
1.205000	0.000000
1.206000	0.000000
1.207000	0.000000
1.208000	0.000000
1.209000	0.000000
1.210000	0.000000
1.211000	0.000000
1.212000	0.000000
1.213000	0.000000
1.214000	0.000000
1.215000	0.000000
1.216000	0.000000
1.217000	0.000000
1.218000	0.000000
1.219000	0.000000
1.220000	0.000000
1.221000	0.000000
1.222000	0.000000
1.223000	0.000000
1.224000	0.000000
1.225000	0.000000
1.226000	0.000000
1.227000	0.000000
1.228000	0.000000
1.229000	0.000000
1.230000	0.000000
1.231000	0.000000
1.232000	0.000000
1.233000	0.000000
1.234000	0.000000
1.235000	0.000000
1.236000	0.000000
1.237000	0.000000
1.238000	0.000000
1.239000	0.000000
1.240000	0.000000
1.241000	0.000000
1.242000	0.000000
1.243000	0.000000
1.244000	0.000000
1.245000	0.000000
1.246000	0.000000
1.247000	0.000000
1.248000	0.000000
1.249000	0.000000
1.250000	0.000000
1.251000	0.000000
1.252000	0.000000
1.253000	0.000000
1.254000	0.000000
1.255000	0.000000
1.256000	0.000000
1.257000	0.000000
1.258000	0.000000
1.259000	0.000000
1.260000	0.000000
1.261000	0.000000
1.262000	0.000000
1.263000	0.000000
1.264000	0.000000
1.265000	0.000000
1.266000	0.000000
1.267000	0.000000
1.268000	0.000000
1.269000	0.000000
1.270000	0.000000
1.271000	0.000000
1.272000	0.000000
1.273000	0.000000
1.274000	0.000000
1.275000	0.000000
1.276000	0.000000
1.277000	0.000000
1.278000	0.000000
1.279000	0.000000
1.280000	0.000000
1.281000	0.000000
1.282000	0.000000
1.283000	0.000000
1.284000	0.000000
1.285000	0.000000
1.286000	0.000000
1.287000	0.000000
1.288000	0.000000
1.289000	0.000000
1.290000	0.000000
1.291000	0.000000
1.292000	0.000000
1.293000	0.000000
1.294000	0.000000
1.295000	0.000000
1.296000	0.000000
1.297000	0.000000
1.298000	0.000000
1.299000	0.000000
1.300000	0.000000
1.301000	0.000000
1.302000	0.000000
1.303000	0.000000
1.304000	0.000000
1.305000	0.000000
1.306000	0.000000
1.307000	0.000000
1.308000	0.000000
1.309000	0.000000
1.310000	0.000000
1.311000	0.000000
1.312000	0.000000
1.313000	0.000000
1.314000	0.000000
1.315000	0.000000
1.316000	0.000000
1.317000	0.000000
1.318000	0.000000
1.319000	0.000000
1.320000	0.000000
1.321000	0.000000
1.322000	0.000000
1.323000	0.000000
1.324000	0.000000
1.325000	0.000000
1.326000	0.000000
1.327000	0.000000
1.328000	0.000000
1.329000	0.000000
1.330000	0.000000
1.331000	0.000000
1.332000	0.000000
1.333000	0.000000
1.334000	0.000000
1.335000	0.000000
1.336000	0.000000
1.337000	0.000000
1.338000	0.000000
1.339000	0.000000
1.340000	0.000000
1.341000	0.000000
1.342000	0.000000
1.343000	0.000000
1.344000	0.000000
1.345000	0.000000
1.346000	0.000000
1.347000	0.000000
1.348000	0.000000
1.349000	0.000000
1.350000	0.000000
1.351000	0.000000
1.352000	0.000000
1.353000	0.000000
1.354000	0.000000
1.355000	0.000000
1.356000	0.000000
1.357000	0.000000
1.358000	0.000000
1.359000	0.000000
1.360000	0.000000
1.361000	0.000000
1.362000	0.000000
1.363000	0.000000
1.364000	0.000000
1.365000	0.000000
1.366000	0.000000
1.367000	0.000000
1.368000	0.000000
1.369000	0.000000
1.370000	0.000000
1.371000	0.000000
1.372000	0.000000
1.373000	0.000000
1.374000	0.000000
1.375000	0.000000
1.376000	0.000000
1.377000	0.000000
1.378000	0.000000
1.379000	0.000000
1.380000	0.000000
1.381000	0.000000
1.382000	0.000000
1.383000	0.000000
1.384000	0.000000
1.385000	0.000000
1.386000	0.000000
1.387000	0.000000
1.388000	0.000000
1.389000	0.000000
1.390000	0.000000
1.391000	0.000000
1.392000	0.000000
1.393000	0.000000
1.394000	0.000000
1.395000	0.000000
1.396000	0.000000
1.397000	0.000000
1.398000	0.000000
1.399000	0.000000
1.400000	0.000000
1.401000	0.000000
1.402000	0.000000
1.403000	0.000000
1.404000	0.000000
1.405000	0.000000
1.406000	0.000000
1.407000	0.000000
1.408000	0.000000
1.409000	0.000000
1.410000	0.000000
1.411000	0.000000
1.412000	0.000000
1.413000	0.000000
1.414000	0.000000
1.415000	0.000000
1.416000	0.000000
1.417000	0.000000
1.418000	0.000000
1.419000	0.000000
1.420000	0.000000
1.421000	0.000000
1.422000	0.000000
1.423000	0.000000
1.424000	0.000000
1.425000	0.000000
1.426000	0.000000
1.427000	0.000000
1.428000	0.000000
1.429000	0.000000
1.430000	0.000000
1.431000	0.000000
1.432000	0.000000
1.433000	0.000000
1.434000	0.000000
1.435000	0.000000
1.436000	0.000000
1.437000	0.000000
1.438000	0.000000
1.439000	0.000000
1.440000	0.000000
1.441000	0.000000
1.442000	0.000000
1.443000	0.000000
1.444000	0.000000
1.445000	0.000000
1.446000	0.000000
1.447000	0.000000
1.448000	0.000000
1.449000	0.000000
1.450000	0.000000
1.451000	0.000000
1.452000	0.000000
1.453000	0.000000
1.454000	0.000000
1.455000	0.000000
1.456000	0.000000
1.457000	0.000000
1.458000	0.000000
1.459000	0.000000
1.460000	0.000000
1.461000	0.000000
1.462000	0.000000
1.463000	0.000000
1.464000	0.000000
1.465000	0.000000
1.466000	0.000000
1.467000	0.000000
1.468000	0.000000
1.469000	0.000000
1.470000	0.000000
1.471000	0.000000
1.472000	0.000000
1.473000	0.000000
1.474000	0.000000
1.475000	0.000000
1.476000	0.000000
1.477000	0.000000
1.478000	0.000000
1.479000	0.000000
1.480000	0.000000
1.481000	0.000000
1.482000	0.000000
1.483000	0.000000
1.484000	0.000000
1.485000	0.000000
1.486000	0.000000
1.487000	0.000000
1.488000	0.000000
1.489000	0.000000
1.490000	0.000000
1.491000	0.000000
1.492000	0.000000
1.493000	0.000000
1.494000	0.000000
1.495000	0.000000
1.496000	0.000000
1.497000	0.000000
1.498000	0.000000
1.499000	0.000000
1.500000	0.000000
1.501000	0.000000
1.502000	0.000000
1.503000	0.000000
1.504000	0.000000
1.505000	0.000000
1.506000	0.000000
1.507000	0.000000
1.508000	0.000000
1.509000	0.000000
1.510000	0.000000
1.511000	0.000000
1.512000	0.000000
1.513000	0.000000
1.514000	0.000000
1.515000	0.000000
1.516000	0.000000
1.517000	0.000000
1.518000	0.000000
1.519000	0.000000
1.520000	0.000000
1.521000	0.000000
1.522000	0.000000
1.523000	0.000000
1.524000	0.000000
1.525000	0.000000
1.526000	0.000000
1.527000	0.000000
1.528000	0.000000
1.529000	0.000000
1.530000	0.000000
1.531000	0.000000
1.532000	0.000000
1.533000	0.000000
1.534000	0.000000
1.535000	0.000000
1.536000	0.000000
1.537000	0.000000
1.538000	0.000000
1.539000	0.000000
1.540000	0.000000
1.541000	0.000000
1.542000	0.000000
1.543000	0.000000
1.544000	0.000000
1.545000	0.000000
1.546000	0.000000
1.547000	0.000000
1.548000	0.000000
1.549000	0.000000
1.550000	0.000000
1.551000	0.000000
1.552000	0.000000
1.553000	0.000000
1.554000	0.000000
1.555000	0.000000
1.556000	0.000000
1.557000	0.000000
1.558000	0.000000
1.559000	0.000000
1.560000	0.000000
1.561000	0.000000
1.562000	0.000000
1.563000	0.000000
1.564000	0.000000
1.565000	0.000000
1.566000	0.000000
1.567000	0.000000
1.568000	0.000000
1.569000	0.000000
1.570000	0.000000
1.571000	0.000000
1.572000	0.000000
1.573000	0.000000
1.574000	0.000000
1.575000	0.000000
1.576000	0.000000
1.577000	0.000000
1.578000	0.000000
1.579000	0.000000
1.580000	0.000000
1.581000	0.000000
1.582000	0.000000
1.583000	0.000000
1.584000	0.000000
1.585000	0.000000
1.586000	0.000000
1.587000	0.000000
1.588000	0.000000
1.589000	0.000000
1.590000	0.000000
1.591000	0.000000
1.592000	0.000000
1.593000	0.000000
1.594000	0.000000
1.595000	0.000000
1.596000	0.000000
1.597000	0.000000
1.598000	0.000000
1.599000	0.000000
1.600000	0.000000
1.601000	0.000000
1.602000	0.000000
1.603000	0.000000
1.604000	0.000000
1.605000	0.000000
1.606000	0.000000
1.607000	0.000000
1.608000	0.000000
1.609000	0.000000
1.610000	0.000000
1.611000	0.000000
1.612000	0.000000
1.613000	0.000000
1.614000	0.000000
1.615000	0.000000
1.616000	0.000000
1.617000	0.000000
1.618000	0.000000
1.619000	0.000000
1.620000	0.000000
1.621000	0.000000
1.622000	0.000000
1.623000	0.000000
1.624000	0.000000
1.625000	0.000000
1.626000	0.000000
1.627000	0.000000
1.628000	0.000000
1.629000	0.000000
1.630000	0.000000
1.631000	0.000000
1.632000	0.000000
1.633000	0.000000
1.634000	0.000000
1.635000	0.000000
1.636000	0.000000
1.637000	0.000000
1.638000	0.000000
1.639000	0.000000
1.640000	0.000000
1.641000	0.000000
1.642000	0.000000
1.643000	0.000000
1.644000	0.000000
1.645000	0.000000
1.646000	0.000000
1.647000	0.000000
1.648000	0.000000
1.649000	0.000000
1.650000	0.000000
1.651000	0.000000
1.652000	0.000000
1.653000	0.000000
1.654000	0.000000
1.655000	0.000000
1.656000	0.000000
1.657000	0.000000
1.658000	0.000000
1.659000	0.000000
1.660000	0.000000
1.661000	0.000000
1.662000	0.000000
1.663000	0.000000
1.664000	0.000000
1.665000	0.000000
1.666000	0.000000
1.667000	0.000000
1.668000	0.000000
1.669000	0.000000
1.670000	0.000000
1.671000	0.000000
1.672000	0.000000
1.673000	0.000000
1.674000	0.000000
1.675000	0.000000
1.676000	0.000000
1.677000	0.000000
1.678000	0.000000
1.679000	0.000000
1.680000	0.000000
1.681000	0.000000
1.682000	0.000000
1.683000	0.000000
1.684000	0.000000
1.685000	0.000000
1.686000	0.000000
1.687000	0.000000
1.688000	0.000000
1.689000	0.000000
1.690000	0.000000
1.691000	0.000000
1.692000	0.000000
1.693000	0.000000
1.694000	0.000000
1.695000	0.000000
1.696000	0.000000
1.697000	0.000000
1.698000	0.000000
1.699000	0.000000
1.700000	0.000000
1.701000	0.000000
1.702000	0.000000
1.703000	0.000000
1.704000	0.000000
1.705000	0.000000
1.706000	0.000000
1.707000	0.000000
1.708000	0.000000
1.709000	0.000000
1.710000	0.000000
1.711000	0.000000
1.712000	0.000000
1.713000	0.000000
1.714000	0.000000
1.715000	0.000000
1.716000	0.000000
1.717000	0.000000
1.718000	0.000000
1.719000	0.000000
1.720000	0.000000
1.721000	0.000000
1.722000	0.000000
1.723000	0.000000
1.724000	0.000000
1.725000	0.000000
1.726000	0.000000
1.727000	0.000000
1.728000	0.000000
1.729000	0.000000
1.730000	0.000000
1.731000	0.000000
1.732000	0.000000
1.733000	0.000000
1.734000	0.000000
1.735000	0.000000
1.736000	0.000000
1.737000	0.000000
1.738000	0.000000
1.739000	0.000000
1.740000	0.000000
1.741000	0.000000
1.742000	0.000000
1.743000	0.000000
1.744000	0.000000
1.745000	0.000000
1.746000	0.000000
1.747000	0.000000
1.748000	0.000000
1.749000	0.000000
1.750000	0.000000
1.751000	0.000000
1.752000	0.000000
1.753000	0.000000
1.754000	0.000000
1.755000	0.000000
1.756000	0.000000
1.757000	0.000000
1.758000	0.000000
1.759000	0.000000
1.760000	0.000000
1.761000	0.000000
1.762000	0.000000
1.763000	0.000000
1.764000	0.000000
1.765000	0.000000
1.766000	0.000000
1.767000	0.000000
1.768000	0.000000
1.769000	0.000000
1.770000	0.000000
1.771000	0.000000
1.772000	0.000000
1.773000	0.000000
1.774000	0.000000
1.775000	0.000000
1.776000	0.000000
1.777000	0.000000
1.778000	0.000000
1.779000	0.000000
1.780000	0.000000
1.781000	0.000000
1.782000	0.000000
1.783000	0.000000
1.784000	0.000000
1.785000	0.000000
1.786000	0.000000
1.787000	0.000000
1.788000	0.000000
1.789000	0.000000
1.790000	0.000000
1.791000	0.000000
1.792000	0.000000
1.793000	0.000000
1.794000	0.000000
1.795000	0.000000
1.796000	0.000000
1.797000	0.000000
1.798000	0.000000
1.799000	0.000000
1.800000	0.000000
1.801000	0.000000
1.802000	0.000000
1.803000	0.000000
1.804000	0.000000
1.805000	0.000000
1.806000	0.000000
1.807000	0.000000
1.808000	0.000000
1.809000	0.000000
1.810000	0.000000
1.811000	0.000000
1.812000	0.000000
1.813000	0.000000
1.814000	0.000000
1.815000	0.000000
1.816000	0.000000
1.817000	0.000000
1.818000	0.000000
1.819000	0.000000
1.820000	0.000000
1.821000	0.000000
1.822000	0.000000
1.823000	0.000000
1.824000	0.000000
1.825000	0.000000
1.826000	0.000000
1.827000	0.000000
1.828000	0.000000
1.829000	0.000000
1.830000	0.000000
1.831000	0.000000
1.832000	0.000000
1.833000	0.000000
1.834000	0.000000
1.835000	0.000000
1.836000	0.000000
1.837000	0.000000
1.838000	0.000000
1.839000	0.000000
1.840000	0.000000
1.841000	0.000000
1.842000	0.000000
1.843000	0.000000
1.844000	0.000000
1.845000	0.000000
1.846000	0.000000
1.847000	0.000000
1.848000	0.000000
1.849000	0.000000
1.850000	0.000000
1.851000	0.000000
1.852000	0.000000
1.853000	0.000000
1.854000	0.000000
1.855000	0.000000
1.856000	0.000000
1.857000	0.000000
1.858000	0.000000
1.859000	0.000000
1.860000	0.000000
1.861000	0.000000
1.862000	0.000000
1.863000	0.000000
1.864000	0.000000
1.865000	0.000000
1.866000	0.000000
1.867000	0.000000
1.868000	0.000000
1.869000	0.000000
1.870000	0.000000
1.871000	0.000000
1.872000	0.000000
1.873000	0.000000
1.874000	0.000000
1.875000	0.000000
1.876000	0.000000
1.877000	0.000000
1.878000	0.000000
1.879000	0.000000
1.880000	0.000000
1.881000	0.000000
1.882000	0.000000
1.883000	0.000000
1.884000	0.000000
1.885000	0.000000
1.886000	0.000000
1.887000	0.000000
1.888000	0.000000
1.889000	0.000000
1.890000	0.000000
1.891000	0.000000
1.892000	0.000000
1.893000	0.000000
1.894000	0.000000
1.895000	0.000000
1.896000	0.000000
1.897000	0.000000
1.898000	0.000000
1.899000	0.000000
1.900000	0.000000
1.901000	0.000000
1.902000	0.000000
1.903000	0.000000
1.904000	0.000000
1.905000	0.000000
1.906000	0.000000
1.907000	0.000000
1.908000	0.000000
1.909000	0.000000
1.910000	0.000000
1.911000	0.000000
1.912000	0.000000
1.913000	0.000000
1.914000	0.000000
1.915000	0.000000
1.916000	0.000000
1.917000	0.000000
1.918000	0.000000
1.919000	0.000000
1.920000	0.000000
1.921000	0.000000
1.922000	0.000000
1.923000	0.000000
1.924000	0.000000
1.925000	0.000000
1.926000	0.000000
1.927000	0.000000
1.928000	0.000000
1.929000	0.000000
1.930000	0.000000
1.931000	0.000000
1.932000	0.000000
1.933000	0.000000
1.934000	0.000000
1.935000	0.000000
1.936000	0.000000
1.937000	0.000000
1.938000	0.000000
1.939000	0.000000
1.940000	0.000000
1.941000	0.000000
1.942000	0.000000
1.943000	0.000000
1.944000	0.000000
1.945000	0.000000
1.946000	0.000000
1.947000	0.000000
1.948000	0.000000
1.949000	0.000000
1.950000	0.000000
1.951000	0.000000
1.952000	0.000000
1.953000	0.000000
1.954000	0.000000
1.955000	0.000000
1.956000	0.000000
1.957000	0.000000
1.958000	0.000000
1.959000	0.000000
1.960000	0.000000
1.961000	0.000000
1.962000	0.000000
1.963000	0.000000
1.964000	0.000000
1.965000	0.000000
1.966000	0.000000
1.967000	0.000000
1.968000	0.000000
1.969000	0.000000
1.970000	0.000000
1.971000	0.000000
1.972000	0.000000
1.973000	0.000000
1.974000	0.000000
1.975000	0.000000
1.976000	0.000000
1.977000	0.000000
1.978000	0.000000
1.979000	0.000000
1.980000	0.000000
1.981000	0.000000
1.982000	0.000000
1.983000	0.000000
1.984000	0.000000
1.985000	0.000000
1.986000	0.000000
1.987000	0.000000
1.988000	0.000000
1.989000	0.000000
1.990000	0.000000
1.991000	0.000000
1.992000	0.000000
1.993000	0.000000
1.994000	0.000000
1.995000	0.000000
1.996000	0.000000
1.997000	0.000000
1.998000	0.000000
1.999000	0.000000
2.000000	0.000000
