-1.000000	0.000000	0.000000
1.000000	0.000000	0.000000
-0.900000	0.008429	0.008441
0.900000	0.008429	0.008441
-0.800000	0.052987	0.053011
0.800000	0.052987	0.053011
-0.700000	0.144224	0.144299
0.700000	0.144224	0.144299
-0.600000	0.276531	0.277184
0.600000	0.276531	0.277184
-0.500000	0.437462	0.437322
0.500000	0.437462	0.437322
-0.400000	0.606471	0.605763
0.400000	0.606471	0.605763
-0.300000	0.759725	0.762507
0.300000	0.759725	0.762507
-0.200000	0.887447	0.889262
0.200000	0.887447	0.889262
-0.100000	0.972057	0.971519
0.100000	0.972057	0.971519
0.000000	0.998091	1.000000
-0.000000	0.998091	1.000000
