-2.000000	0.000000
-1.999000	0.000000
-1.998000	0.000000
-1.997000	0.000000
-1.996000	0.000000
-1.995000	0.000000
-1.994000	0.000000
-1.993000	0.000000
-1.992000	0.000000
-1.991000	0.000000
-1.990000	0.000000
-1.989000	0.000000
-1.988000	0.000000
-1.987000	0.000000
-1.986000	0.000000
-1.985000	0.000000
-1.984000	0.000000
-1.983000	0.000000
-1.982000	0.000000
-1.981000	0.000000
-1.980000	0.000000
-1.979000	0.000000
-1.978000	0.000000
-1.977000	0.000000
-1.976000	0.000000
-1.975000	0.000000
-1.974000	0.000000
-1.973000	0.000000
-1.972000	0.000000
-1.971000	0.000000
-1.970000	0.000000
-1.969000	0.000000
-1.968000	0.000000
-1.967000	0.000000
-1.966000	0.000000
-1.965000	0.000000
-1.964000	0.000000
-1.963000	0.000000
-1.962000	0.000000
-1.961000	0.000000
-1.960000	0.000000
-1.959000	0.000000
-1.958000	0.000000
-1.957000	0.000000
-1.956000	0.000000
-1.955000	0.000000
-1.954000	0.000000
-1.953000	0.000000
-1.952000	0.000000
-1.951000	0.000000
-1.950000	0.000000
-1.949000	0.000000
-1.948000	0.000000
-1.947000	0.000000
-1.946000	0.000000
-1.945000	0.000000
-1.944000	0.000000
-1.943000	0.000000
-1.942000	0.000000
-1.941000	0.000000
-1.940000	0.000000
-1.939000	0.000000
-1.938000	0.000000
-1.937000	0.000000
-1.936000	0.000000
-1.935000	0.000000
-1.934000	0.000000
-1.933000	0.000000
-1.932000	0.000000
-1.931000	0.000000
-1.930000	0.000000
-1.929000	0.000000
-1.928000	0.000000
-1.927000	0.000000
-1.926000	0.000000
-1.925000	0.000000
-1.924000	0.000000
-1.923000	0.000000
-1.922000	0.000000
-1.921000	0.000000
-1.920000	0.000000
-1.919000	0.000000
-1.918000	0.000000
-1.917000	0.000000
-1.916000	0.000000
-1.915000	0.000000
-1.914000	0.000000
-1.913000	0.000000
-1.912000	0.000000
-1.911000	0.000000
-1.910000	0.000000
-1.909000	0.000000
-1.908000	0.000000
-1.907000	0.000000
-1.906000	0.000000
-1.905000	0.000000
-1.904000	0.000000
-1.903000	0.000000
-1.902000	0.000000
-1.901000	0.000000
-1.900000	0.000000
-1.899000	0.000000
-1.898000	0.000000
-1.897000	0.000000
-1.896000	0.000000
-1.895000	0.000000
-1.894000	0.000000
-1.893000	0.000000
-1.892000	0.000000
-1.891000	0.000000
-1.890000	0.000000
-1.889000	0.000000
-1.888000	0.000000
-1.887000	0.000000
-1.886000	0.000000
-1.885000	0.000000
-1.884000	0.000000
-1.883000	0.000000
-1.882000	0.000000
-1.881000	0.000000
-1.880000	0.000000
-1.879000	0.000000
-1.878000	0.000000
-1.877000	0.000000
-1.876000	0.000000
-1.875000	0.000000
-1.874000	0.000000
-1.873000	0.000000
-1.872000	0.000000
-1.871000	0.000000
-1.870000	0.000000
-1.869000	0.000000
-1.868000	0.000000
-1.867000	0.000000
-1.866000	0.000000
-1.865000	0.000000
-1.864000	0.000000
-1.863000	0.000000
-1.862000	0.000000
-1.861000	0.000000
-1.860000	0.000000
-1.859000	0.000000
-1.858000	0.000000
-1.857000	0.000000
-1.856000	0.000000
-1.855000	0.000000
-1.854000	0.000000
-1.853000	0.000000
-1.852000	0.000000
-1.851000	0.000000
-1.850000	0.000000
-1.849000	0.000000
-1.848000	0.000000
-1.847000	0.000000
-1.846000	0.000000
-1.845000	0.000000
-1.844000	0.000000
-1.843000	0.000000
-1.842000	0.000000
-1.841000	0.000000
-1.840000	0.000000
-1.839000	0.000000
-1.838000	0.000000
-1.837000	0.000000
-1.836000	0.000000
-1.835000	0.000000
-1.834000	0.000000
-1.833000	0.000000
-1.832000	0.000000
-1.831000	0.000000
-1.830000	0.000000
-1.829000	0.000000
-1.828000	0.000000
-1.827000	0.000000
-1.826000	0.000000
-1.825000	0.000000
-1.824000	0.000000
-1.823000	0.000000
-1.822000	0.000000
-1.821000	0.000000
-1.820000	0.000000
-1.819000	0.000000
-1.818000	0.000000
-1.817000	0.000000
-1.816000	0.000000
-1.815000	0.000000
-1.814000	0.000000
-1.813000	0.000000
-1.812000	0.000000
-1.811000	0.000000
-1.810000	0.000000
-1.809000	0.000000
-1.808000	0.000000
-1.807000	0.000000
-1.806000	0.000000
-1.805000	0.000000
-1.804000	0.000000
-1.803000	0.000000
-1.802000	0.000000
-1.801000	0.000000
-1.800000	0.000000
-1.799000	0.000000
-1.798000	0.000000
-1.797000	0.000000
-1.796000	0.000000
-1.795000	0.000000
-1.794000	0.000000
-1.793000	0.000000
-1.792000	0.000000
-1.791000	0.000000
-1.790000	0.000000
-1.789000	0.000000
-1.788000	0.000000
-1.787000	0.000000
-1.786000	0.000000
-1.785000	0.000000
-1.784000	0.000000
-1.783000	0.000000
-1.782000	0.000000
-1.781000	0.000000
-1.780000	0.000000
-1.779000	0.000000
-1.778000	0.000000
-1.777000	0.000000
-1.776000	0.000000
-1.775000	0.000000
-1.774000	0.000000
-1.773000	0.000000
-1.772000	0.000000
-1.771000	0.000000
-1.770000	0.000000
-1.769000	0.000000
-1.768000	0.000000
-1.767000	0.000000
-1.766000	0.000000
-1.765000	0.000000
-1.764000	0.000000
-1.763000	0.000000
-1.762000	0.000000
-1.761000	0.000000
-1.760000	0.000000
-1.759000	0.000000
-1.758000	0.000000
-1.757000	0.000000
-1.756000	0.000000
-1.755000	0.000000
-1.754000	0.000000
-1.753000	0.000000
-1.752000	0.000000
-1.751000	0.000000
-1.750000	0.000000
-1.749000	0.000000
-1.748000	0.000000
-1.747000	0.000000
-1.746000	0.000000
-1.745000	0.000000
-1.744000	0.000000
-1.743000	0.000000
-1.742000	0.000000
-1.741000	0.000000
-1.740000	0.000000
-1.739000	0.000000
-1.738000	0.000000
-1.737000	0.000000
-1.736000	0.000000
-1.735000	0.000000
-1.734000	0.000000
-1.733000	0.000000
-1.732000	0.000000
-1.731000	0.000000
-1.730000	0.000000
-1.729000	0.000000
-1.728000	0.000000
-1.727000	0.000000
-1.726000	0.000000
-1.725000	0.000000
-1.724000	0.000000
-1.723000	0.000000
-1.722000	0.000000
-1.721000	0.000000
-1.720000	0.000000
-1.719000	0.000000
-1.718000	0.000000
-1.717000	0.000000
-1.716000	0.000000
-1.715000	0.000000
-1.714000	0.000000
-1.713000	0.000000
-1.712000	0.000000
-1.711000	0.000000
-1.710000	0.000000
-1.709000	0.000000
-1.708000	0.000000
-1.707000	0.000000
-1.706000	0.000000
-1.705000	0.000000
-1.704000	0.000000
-1.703000	0.000000
-1.702000	0.000000
-1.701000	0.000000
-1.700000	0.000000
-1.699000	0.000000
-1.698000	0.000000
-1.697000	0.000000
-1.696000	0.000000
-1.695000	0.000000
-1.694000	0.000000
-1.693000	0.000000
-1.692000	0.000000
-1.691000	0.000000
-1.690000	0.000000
-1.689000	0.000000
-1.688000	0.000000
-1.687000	0.000000
-1.686000	0.000000
-1.685000	0.000000
-1.684000	0.000000
-1.683000	0.000000
-1.682000	0.000000
-1.681000	0.000000
-1.680000	0.000000
-1.679000	0.000000
-1.678000	0.000000
-1.677000	0.000000
-1.676000	0.000000
-1.675000	0.000000
-1.674000	0.000000
-1.673000	0.000000
-1.672000	0.000000
-1.671000	0.000000
-1.670000	0.000000
-1.669000	0.000000
-1.668000	0.000000
-1.667000	0.000000
-1.666000	0.000000
-1.665000	0.000000
-1.664000	0.000000
-1.663000	0.000000
-1.662000	0.000000
-1.661000	0.000000
-1.660000	0.000000
-1.659000	0.000000
-1.658000	0.000000
-1.657000	0.000000
-1.656000	0.000000
-1.655000	0.000000
-1.654000	0.000000
-1.653000	0.000000
-1.652000	0.000000
-1.651000	0.000000
-1.650000	0.000000
-1.649000	0.000000
-1.648000	0.000000
-1.647000	0.000000
-1.646000	0.000000
-1.645000	0.000000
-1.644000	0.000000
-1.643000	0.000000
-1.642000	0.000000
-1.641000	0.000000
-1.640000	0.000000
-1.639000	0.000000
-1.638000	0.000000
-1.637000	0.000000
-1.636000	0.000000
-1.635000	0.000000
-1.634000	0.000000
-1.633000	0.000000
-1.632000	0.000000
-1.631000	0.000000
-1.630000	0.000000
-1.629000	0.000000
-1.628000	0.000000
-1.627000	0.000000
-1.626000	0.000000
-1.625000	0.000000
-1.624000	0.000000
-1.623000	0.000000
-1.622000	0.000000
-1.621000	0.000000
-1.620000	0.000000
-1.619000	0.000000
-1.618000	0.000000
-1.617000	0.000000
-1.616000	0.000000
-1.615000	0.000000
-1.614000	0.000000
-1.613000	0.000000
-1.612000	0.000000
-1.611000	0.000000
-1.610000	0.000000
-1.609000	0.000000
-1.608000	0.000000
-1.607000	0.000000
-1.606000	0.000000
-1.605000	0.000000
-1.604000	0.000000
-1.603000	0.000000
-1.602000	0.000000
-1.601000	0.000000
-1.600000	0.000000
-1.599000	0.000000
-1.598000	0.000000
-1.597000	0.000000
-1.596000	0.000000
-1.595000	0.000000
-1.594000	0.000000
-1.593000	0.000000
-1.592000	0.000000
-1.591000	0.000000
-1.590000	0.000000
-1.589000	0.000000
-1.588000	0.000000
-1.587000	0.000000
-1.586000	0.000000
-1.585000	0.000000
-1.584000	0.000000
-1.583000	0.000000
-1.582000	0.000000
-1.581000	0.000000
-1.580000	0.000000
-1.579000	0.000000
-1.578000	0.000000
-1.577000	0.000000
-1.576000	0.000000
-1.575000	0.000000
-1.574000	0.000000
-1.573000	0.000000
-1.572000	0.000000
-1.571000	0.000000
-1.570000	0.000000
-1.569000	0.000000
-1.568000	0.000000
-1.567000	0.000000
-1.566000	0.000000
-1.565000	0.000000
-1.564000	0.000000
-1.563000	0.000000
-1.562000	0.000000
-1.561000	0.000000
-1.560000	0.000000
-1.559000	0.000000
-1.558000	0.000000
-1.557000	0.000000
-1.556000	0.000000
-1.555000	0.000000
-1.554000	0.000000
-1.553000	0.000000
-1.552000	0.000000
-1.551000	0.000000
-1.550000	0.000000
-1.549000	0.000000
-1.548000	0.000000
-1.547000	0.000000
-1.546000	0.000000
-1.545000	0.000000
-1.544000	0.000000
-1.543000	0.000000
-1.542000	0.000000
-1.541000	0.000000
-1.540000	0.000000
-1.539000	0.000000
-1.538000	0.000000
-1.537000	0.000000
-1.536000	0.000000
-1.535000	0.000000
-1.534000	0.000000
-1.533000	0.000000
-1.532000	0.000000
-1.531000	0.000000
-1.530000	0.000000
-1.529000	0.000000
-1.528000	0.000000
-1.527000	0.000000
-1.526000	0.000000
-1.525000	0.000000
-1.524000	0.000000
-1.523000	0.000000
-1.522000	0.000000
-1.521000	0.000000
-1.520000	0.000000
-1.519000	0.000000
-1.518000	0.000000
-1.517000	0.000000
-1.516000	0.000000
-1.515000	0.000000
-1.514000	0.000000
-1.513000	0.000000
-1.512000	0.000000
-1.511000	0.000000
-1.510000	0.000000
-1.509000	0.000000
-1.508000	0.000000
-1.507000	0.000000
-1.506000	0.000000
-1.505000	0.000000
-1.504000	0.000000
-1.503000	0.000000
-1.502000	0.000000
-1.501000	0.000000
-1.500000	0.000000
-1.499000	0.000000
-1.498000	0.000000
-1.497000	0.000000
-1.496000	0.000000
-1.495000	0.000000
-1.494000	0.000000
-1.493000	0.000000
-1.492000	0.000000
-1.491000	0.000000
-1.490000	0.000000
-1.489000	0.000000
-1.488000	0.000000
-1.487000	0.000000
-1.486000	0.000000
-1.485000	0.000000
-1.484000	0.000000
-1.483000	0.000000
-1.482000	0.000000
-1.481000	0.000000
-1.480000	0.000000
-1.479000	0.000000
-1.478000	0.000000
-1.477000	0.000000
-1.476000	0.000000
-1.475000	0.000000
-1.474000	0.000000
-1.473000	0.000000
-1.472000	0.000000
-1.471000	0.000000
-1.470000	0.000000
-1.469000	0.000000
-1.468000	0.000000
-1.467000	0.000000
-1.466000	0.000000
-1.465000	0.000000
-1.464000	0.000000
-1.463000	0.000000
-1.462000	0.000000
-1.461000	0.000000
-1.460000	0.000000
-1.459000	0.000000
-1.458000	0.000000
-1.457000	0.000000
-1.456000	0.000000
-1.455000	0.000000
-1.454000	0.000000
-1.453000	0.000000
-1.452000	0.000000
-1.451000	0.000000
-1.450000	0.000000
-1.449000	0.000000
-1.448000	0.000000
-1.447000	0.000000
-1.446000	0.000000
-1.445000	0.000000
-1.444000	0.000000
-1.443000	0.000000
-1.442000	0.000000
-1.441000	0.000000
-1.440000	0.000000
-1.439000	0.000000
-1.438000	0.000000
-1.437000	0.000000
-1.436000	0.000000
-1.435000	0.000000
-1.434000	0.000000
-1.433000	0.000000
-1.432000	0.000000
-1.431000	0.000000
-1.430000	0.000000
-1.429000	0.000000
-1.428000	0.000000
-1.427000	0.000000
-1.426000	0.000000
-1.425000	0.000000
-1.424000	0.000000
-1.423000	0.000000
-1.422000	0.000000
-1.421000	0.000000
-1.420000	0.000000
-1.419000	0.000000
-1.418000	0.000000
-1.417000	0.000000
-1.416000	0.000000
-1.415000	0.000000
-1.414000	0.000000
-1.413000	0.000000
-1.412000	0.000000
-1.411000	0.000000
-1.410000	0.000000
-1.409000	0.000000
-1.408000	0.000000
-1.407000	0.000000
-1.406000	0.000000
-1.405000	0.000000
-1.404000	0.000000
-1.403000	0.000000
-1.402000	0.000000
-1.401000	0.000000
-1.400000	0.000000
-1.399000	0.000000
-1.398000	0.000000
-1.397000	0.000000
-1.396000	0.000000
-1.395000	0.000000
-1.394000	0.000000
-1.393000	0.000000
-1.392000	0.000000
-1.391000	0.000000
-1.390000	0.000000
-1.389000	0.000000
-1.388000	0.000000
-1.387000	0.000000
-1.386000	0.000000
-1.385000	0.000000
-1.384000	0.000000
-1.383000	0.000000
-1.382000	0.000000
-1.381000	0.000000
-1.380000	0.000000
-1.379000	0.000000
-1.378000	0.000000
-1.377000	0.000000
-1.376000	0.000000
-1.375000	0.000000
-1.374000	0.000000
-1.373000	0.000000
-1.372000	0.000000
-1.371000	0.000000
-1.370000	0.000000
-1.369000	0.000000
-1.368000	0.000000
-1.367000	0.000000
-1.366000	0.000000
-1.365000	0.000000
-1.364000	0.000000
-1.363000	0.000000
-1.362000	0.000000
-1.361000	0.000000
-1.360000	0.000000
-1.359000	0.000000
-1.358000	0.000000
-1.357000	0.000000
-1.356000	0.000000
-1.355000	0.000000
-1.354000	0.000000
-1.353000	0.000000
-1.352000	0.000000
-1.351000	0.000000
-1.350000	0.000000
-1.349000	0.000000
-1.348000	0.000000
-1.347000	0.000000
-1.346000	0.000000
-1.345000	0.000000
-1.344000	0.000000
-1.343000	0.000000
-1.342000	0.000000
-1.341000	0.000000
-1.340000	0.000000
-1.339000	0.000000
-1.338000	0.000000
-1.337000	0.000000
-1.336000	0.000000
-1.335000	0.000000
-1.334000	0.000000
-1.333000	0.000000
-1.332000	0.000000
-1.331000	0.000000
-1.330000	0.000000
-1.329000	0.000000
-1.328000	0.000000
-1.327000	0.000000
-1.326000	0.000000
-1.325000	0.000000
-1.324000	0.000000
-1.323000	0.000000
-1.322000	0.000000
-1.321000	0.000000
-1.320000	0.000000
-1.319000	0.000000
-1.318000	0.000000
-1.317000	0.000000
-1.316000	0.000000
-1.315000	0.000000
-1.314000	0.000000
-1.313000	0.000000
-1.312000	0.000000
-1.311000	0.000000
-1.310000	0.000000
-1.309000	0.000000
-1.308000	0.000000
-1.307000	0.000000
-1.306000	0.000000
-1.305000	0.000000
-1.304000	0.000000
-1.303000	0.000000
-1.302000	0.000000
-1.301000	0.000000
-1.300000	0.000000
-1.299000	0.000000
-1.298000	0.000000
-1.297000	0.000000
-1.296000	0.000000
-1.295000	0.000000
-1.294000	0.000000
-1.293000	0.000000
-1.292000	0.000000
-1.291000	0.000000
-1.290000	0.000000
-1.289000	0.000000
-1.288000	0.000000
-1.287000	0.000000
-1.286000	0.000000
-1.285000	0.000000
-1.284000	0.000000
-1.283000	0.000000
-1.282000	0.000000
-1.281000	0.000000
-1.280000	0.000000
-1.279000	0.000000
-1.278000	0.000000
-1.277000	0.000000
-1.276000	0.000000
-1.275000	0.000000
-1.274000	0.000000
-1.273000	0.000000
-1.272000	0.000000
-1.271000	0.000000
-1.270000	0.000000
-1.269000	0.000000
-1.268000	0.000000
-1.267000	0.000000
-1.266000	0.000000
-1.265000	0.000000
-1.264000	0.000000
-1.263000	0.000000
-1.262000	0.000000
-1.261000	0.000000
-1.260000	0.000000
-1.259000	0.000000
-1.258000	0.000000
-1.257000	0.000000
-1.256000	0.000000
-1.255000	0.000000
-1.254000	0.000000
-1.253000	0.000000
-1.252000	0.000000
-1.251000	0.000000
-1.250000	0.000000
-1.249000	0.000000
-1.248000	0.000000
-1.247000	0.000000
-1.246000	0.000000
-1.245000	0.000000
-1.244000	0.000000
-1.243000	0.000000
-1.242000	0.000000
-1.241000	0.000000
-1.240000	0.000000
-1.239000	0.000000
-1.238000	0.000000
-1.237000	0.000000
-1.236000	0.000000
-1.235000	0.000000
-1.234000	0.000000
-1.233000	0.000000
-1.232000	0.000000
-1.231000	0.000000
-1.230000	0.000000
-1.229000	0.000000
-1.228000	0.000000
-1.227000	0.000000
-1.226000	0.000000
-1.225000	0.000000
-1.224000	0.000000
-1.223000	0.000000
-1.222000	0.000000
-1.221000	0.000000
-1.220000	0.000000
-1.219000	0.000000
-1.218000	0.000000
-1.217000	0.000000
-1.216000	0.000000
-1.215000	0.000000
-1.214000	0.000000
-1.213000	0.000000
-1.212000	0.000000
-1.211000	0.000000
-1.210000	0.000000
-1.209000	0.000000
-1.208000	0.000000
-1.207000	0.000000
-1.206000	0.000000
-1.205000	0.000000
-1.204000	0.000000
-1.203000	0.000000
-1.202000	0.000000
-1.201000	0.000000
-1.200000	0.000000
-1.199000	0.000000
-1.198000	0.000000
-1.197000	0.000000
-1.196000	0.000000
-1.195000	0.000000
-1.194000	0.000000
-1.193000	0.000000
-1.192000	0.000000
-1.191000	0.000000
-1.190000	0.000000
-1.189000	0.000000
-1.188000	0.000000
-1.187000	0.000000
-1.186000	0.000000
-1.185000	0.000000
-1.184000	0.000000
-1.183000	0.000000
-1.182000	0.000000
-1.181000	0.000000
-1.180000	0.000000
-1.179000	0.000000
-1.178000	0.000000
-1.177000	0.000000
-1.176000	0.000000
-1.175000	0.000000
-1.174000	0.000000
-1.173000	0.000000
-1.172000	0.000000
-1.171000	0.000000
-1.170000	0.000000
-1.169000	0.000000
-1.168000	0.000000
-1.167000	0.000000
-1.166000	0.000000
-1.165000	0.000000
-1.164000	0.000000
-1.163000	0.000000
-1.162000	0.000000
-1.161000	0.000000
-1.160000	0.000000
-1.159000	0.000000
-1.158000	0.000000
-1.157000	0.000000
-1.156000	0.000000
-1.155000	0.000000
-1.154000	0.000000
-1.153000	0.000000
-1.152000	0.000000
-1.151000	0.000000
-1.150000	0.000000
-1.149000	0.000000
-1.148000	0.000000
-1.147000	0.000000
-1.146000	0.000000
-1.145000	0.000000
-1.144000	0.000000
-1.143000	0.000000
-1.142000	0.000000
-1.141000	0.000000
-1.140000	0.000000
-1.139000	0.000000
-1.138000	0.000000
-1.137000	0.000000
-1.136000	0.000000
-1.135000	0.000000
-1.134000	0.000000
-1.133000	0.000000
-1.132000	0.000000
-1.131000	0.000000
-1.130000	0.000000
-1.129000	0.000000
-1.128000	0.000000
-1.127000	0.000000
-1.126000	0.000000
-1.125000	0.000000
-1.124000	0.000000
-1.123000	0.000000
-1.122000	0.000000
-1.121000	0.000000
-1.120000	0.000000
-1.119000	0.000000
-1.118000	0.000000
-1.117000	0.000000
-1.116000	0.000000
-1.115000	0.000000
-1.114000	0.000000
-1.113000	0.000000
-1.112000	0.000000
-1.111000	0.000000
-1.110000	0.000000
-1.109000	0.000000
-1.108000	0.000000
-1.107000	0.000000
-1.106000	0.000000
-1.105000	0.000000
-1.104000	0.000000
-1.103000	0.000000
-1.102000	0.000000
-1.101000	0.000000
-1.100000	0.000000
-1.099000	0.000000
-1.098000	0.000000
-1.097000	0.000000
-1.096000	0.000000
-1.095000	0.000000
-1.094000	0.000000
-1.093000	0.000000
-1.092000	0.000000
-1.091000	0.000000
-1.090000	0.000000
-1.089000	0.000000
-1.088000	0.000000
-1.087000	0.000000
-1.086000	0.000000
-1.085000	0.000000
-1.084000	0.000000
-1.083000	0.000000
-1.082000	0.000000
-1.081000	0.000000
-1.080000	0.000000
-1.079000	0.000000
-1.078000	0.000000
-1.077000	0.000000
-1.076000	0.000000
-1.075000	0.000000
-1.074000	0.000000
-1.073000	0.000000
-1.072000	0.000000
-1.071000	0.000000
-1.070000	0.000000
-1.069000	0.000000
-1.068000	0.000000
-1.067000	0.000000
-1.066000	0.000000
-1.065000	0.000000
-1.064000	0.000000
-1.063000	0.000000
-1.062000	0.000000
-1.061000	0.000000
-1.060000	0.000000
-1.059000	0.000000
-1.058000	0.000000
-1.057000	0.000000
-1.056000	0.000000
-1.055000	0.000000
-1.054000	0.000000
-1.053000	0.000000
-1.052000	0.000000
-1.051000	0.000000
-1.050000	0.000000
-1.049000	0.000000
-1.048000	0.000000
-1.047000	0.000000
-1.046000	0.000000
-1.045000	0.000000
-1.044000	0.000000
-1.043000	0.000000
-1.042000	0.000000
-1.041000	0.000000
-1.040000	0.000000
-1.039000	0.000000
-1.038000	0.000000
-1.037000	0.000000
-1.036000	0.000000
-1.035000	0.000000
-1.034000	0.000000
-1.033000	0.000000
-1.032000	0.000000
-1.031000	0.000000
-1.030000	0.000000
-1.029000	0.000000
-1.028000	0.000000
-1.027000	0.000000
-1.026000	0.000000
-1.025000	0.000000
-1.024000	0.000000
-1.023000	0.000000
-1.022000	0.000000
-1.021000	0.000000
-1.020000	0.000000
-1.019000	0.000000
-1.018000	0.000000
-1.017000	0.000000
-1.016000	0.000000
-1.015000	0.000000
-1.014000	0.000000
-1.013000	0.000000
-1.012000	0.000000
-1.011000	0.000000
-1.010000	0.000000
-1.009000	0.000000
-1.008000	0.000000
-1.007000	0.000000
-1.006000	0.000000
-1.005000	0.000000
-1.004000	0.000000
-1.003000	0.000000
-1.002000	0.000000
-1.001000	0.000000
-1.000000	0.000000
-0.999000	0.089371
-0.998000	0.117902
-0.997000	0.138634
-0.996000	0.155510
-0.995000	0.169995
-0.994000	0.182819
-0.993000	0.194408
-0.992000	0.205033
-0.991000	0.214880
-0.990000	0.224085
-0.989000	0.232746
-0.988000	0.240941
-0.987000	0.248730
-0.986000	0.256162
-0.985000	0.263276
-0.984000	0.270107
-0.983000	0.276681
-0.982000	0.283023
-0.981000	0.289152
-0.980000	0.295087
-0.979000	0.300841
-0.978000	0.306430
-0.977000	0.311864
-0.976000	0.317154
-0.975000	0.322310
-0.974000	0.327340
-0.973000	0.332252
-0.972000	0.337052
-0.971000	0.341747
-0.970000	0.346343
-0.969000	0.350844
-0.968000	0.355256
-0.967000	0.359583
-0.966000	0.363828
-0.965000	0.367996
-0.964000	0.372091
-0.963000	0.376115
-0.962000	0.380071
-0.961000	0.383962
-0.960000	0.387791
-0.959000	0.391560
-0.958000	0.395272
-0.957000	0.398928
-0.956000	0.402532
-0.955000	0.406083
-0.954000	0.409585
-0.953000	0.413039
-0.952000	0.416447
-0.951000	0.419810
-0.950000	0.423129
-0.949000	0.426407
-0.948000	0.429644
-0.947000	0.432841
-0.946000	0.435999
-0.945000	0.439121
-0.944000	0.442206
-0.943000	0.445257
-0.942000	0.448273
-0.941000	0.451255
-0.940000	0.454206
-0.939000	0.457124
-0.938000	0.460012
-0.937000	0.462870
-0.936000	0.465699
-0.935000	0.468499
-0.934000	0.471272
-0.933000	0.474017
-0.932000	0.476736
-0.931000	0.479429
-0.930000	0.482096
-0.929000	0.484739
-0.928000	0.487357
-0.927000	0.489952
-0.926000	0.492523
-0.925000	0.495072
-0.924000	0.497598
-0.923000	0.500103
-0.922000	0.502586
-0.921000	0.505049
-0.920000	0.507490
-0.919000	0.509912
-0.918000	0.512314
-0.917000	0.514697
-0.916000	0.517060
-0.915000	0.519405
-0.914000	0.521732
-0.913000	0.524041
-0.912000	0.526332
-0.911000	0.528605
-0.910000	0.530862
-0.909000	0.533102
-0.908000	0.535325
-0.907000	0.537533
-0.906000	0.539724
-0.905000	0.541900
-0.904000	0.544060
-0.903000	0.546205
-0.902000	0.548335
-0.901000	0.550450
-0.900000	0.552552
-0.899000	0.554638
-0.898000	0.556711
-0.897000	0.558770
-0.896000	0.560815
-0.895000	0.562847
-0.894000	0.564866
-0.893000	0.566872
-0.892000	0.568865
-0.891000	0.570845
-0.890000	0.572813
-0.889000	0.574769
-0.888000	0.576712
-0.887000	0.578644
-0.886000	0.580564
-0.885000	0.582472
-0.884000	0.584369
-0.883000	0.586254
-0.882000	0.588128
-0.881000	0.589991
-0.880000	0.591844
-0.879000	0.593685
-0.878000	0.595516
-0.877000	0.597337
-0.876000	0.599147
-0.875000	0.600947
-0.874000	0.602736
-0.873000	0.604516
-0.872000	0.606286
-0.871000	0.608046
-0.870000	0.609797
-0.869000	0.611538
-0.868000	0.613270
-0.867000	0.614992
-0.866000	0.616706
-0.865000	0.618410
-0.864000	0.620105
-0.863000	0.621791
-0.862000	0.623469
-0.861000	0.625138
-0.860000	0.626798
-0.859000	0.628450
-0.858000	0.630093
-0.857000	0.631729
-0.856000	0.633355
-0.855000	0.634974
-0.854000	0.636585
-0.853000	0.638188
-0.852000	0.639783
-0.851000	0.641370
-0.850000	0.642949
-0.849000	0.644521
-0.848000	0.646085
-0.847000	0.647641
-0.846000	0.649191
-0.845000	0.650733
-0.844000	0.652267
-0.843000	0.653795
-0.842000	0.655315
-0.841000	0.656828
-0.840000	0.658334
-0.839000	0.659834
-0.838000	0.661326
-0.837000	0.662812
-0.836000	0.664290
-0.835000	0.665763
-0.834000	0.667228
-0.833000	0.668687
-0.832000	0.670140
-0.831000	0.671586
-0.830000	0.673025
-0.829000	0.674459
-0.828000	0.675886
-0.827000	0.677306
-0.826000	0.678721
-0.825000	0.680130
-0.824000	0.681532
-0.823000	0.682929
-0.822000	0.684319
-0.821000	0.685704
-0.820000	0.687083
-0.819000	0.688455
-0.818000	0.689823
-0.817000	0.691184
-0.816000	0.692540
-0.815000	0.693890
-0.814000	0.695235
-0.813000	0.696574
-0.812000	0.697907
-0.811000	0.699235
-0.810000	0.700558
-0.809000	0.701876
-0.808000	0.703188
-0.807000	0.704494
-0.806000	0.705796
-0.805000	0.707092
-0.804000	0.708383
-0.803000	0.709669
-0.802000	0.710950
-0.801000	0.712226
-0.800000	0.713497
-0.799000	0.714763
-0.798000	0.716024
-0.797000	0.717280
-0.796000	0.718532
-0.795000	0.719778
-0.794000	0.721020
-0.793000	0.722257
-0.792000	0.723489
-0.791000	0.724716
-0.790000	0.725939
-0.789000	0.727157
-0.788000	0.728371
-0.787000	0.729580
-0.786000	0.730785
-0.785000	0.731985
-0.784000	0.733180
-0.783000	0.734371
-0.782000	0.735558
-0.781000	0.736741
-0.780000	0.737919
-0.779000	0.739092
-0.778000	0.740262
-0.777000	0.741427
-0.776000	0.742588
-0.775000	0.743744
-0.774000	0.744897
-0.773000	0.746045
-0.772000	0.747189
-0.771000	0.748330
-0.770000	0.749466
-0.769000	0.750598
-0.768000	0.751726
-0.767000	0.752850
-0.766000	0.753970
-0.765000	0.755086
-0.764000	0.756198
-0.763000	0.757306
-0.762000	0.758411
-0.761000	0.759511
-0.760000	0.760608
-0.759000	0.761701
-0.758000	0.762790
-0.757000	0.763875
-0.756000	0.764957
-0.755000	0.766035
-0.754000	0.767109
-0.753000	0.768180
-0.752000	0.769247
-0.751000	0.770310
-0.750000	0.771370
-0.749000	0.772426
-0.748000	0.773478
-0.747000	0.774527
-0.746000	0.775573
-0.745000	0.776615
-0.744000	0.777653
-0.743000	0.778688
-0.742000	0.779720
-0.741000	0.780748
-0.740000	0.781772
-0.739000	0.782794
-0.738000	0.783812
-0.737000	0.784826
-0.736000	0.785838
-0.735000	0.786846
-0.734000	0.787850
-0.733000	0.788852
-0.732000	0.789850
-0.731000	0.790844
-0.730000	0.791836
-0.729000	0.792824
-0.728000	0.793810
-0.727000	0.794792
-0.726000	0.795771
-0.725000	0.796746
-0.724000	0.797719
-0.723000	0.798688
-0.722000	0.799655
-0.721000	0.800618
-0.720000	0.801578
-0.719000	0.802535
-0.718000	0.803490
-0.717000	0.804441
-0.716000	0.805389
-0.715000	0.806334
-0.714000	0.807276
-0.713000	0.808215
-0.712000	0.809151
-0.711000	0.810085
-0.710000	0.811015
-0.709000	0.811943
-0.708000	0.812867
-0.707000	0.813789
-0.706000	0.814708
-0.705000	0.815624
-0.704000	0.816537
-0.703000	0.817447
-0.702000	0.818355
-0.701000	0.819260
-0.700000	0.820162
-0.699000	0.821061
-0.698000	0.821957
-0.697000	0.822851
-0.696000	0.823742
-0.695000	0.824630
-0.694000	0.825516
-0.693000	0.826398
-0.692000	0.827279
-0.691000	0.828156
-0.690000	0.829031
-0.689000	0.829903
-0.688000	0.830773
-0.687000	0.831639
-0.686000	0.832504
-0.685000	0.833365
-0.684000	0.834225
-0.683000	0.835081
-0.682000	0.835935
-0.681000	0.836787
-0.680000	0.837635
-0.679000	0.838482
-0.678000	0.839326
-0.677000	0.840167
-0.676000	0.841006
-0.675000	0.841842
-0.674000	0.842676
-0.673000	0.843507
-0.672000	0.844336
-0.671000	0.845163
-0.670000	0.845987
-0.669000	0.846808
-0.668000	0.847627
-0.667000	0.848444
-0.666000	0.849259
-0.665000	0.850071
-0.664000	0.850880
-0.663000	0.851687
-0.662000	0.852492
-0.661000	0.853295
-0.660000	0.854095
-0.659000	0.854893
-0.658000	0.855688
-0.657000	0.856481
-0.656000	0.857272
-0.655000	0.858061
-0.654000	0.858847
-0.653000	0.859631
-0.652000	0.860413
-0.651000	0.861193
-0.650000	0.861970
-0.649000	0.862745
-0.648000	0.863518
-0.647000	0.864288
-0.646000	0.865057
-0.645000	0.865823
-0.644000	0.866587
-0.643000	0.867349
-0.642000	0.868108
-0.641000	0.868865
-0.640000	0.869621
-0.639000	0.870374
-0.638000	0.871125
-0.637000	0.871873
-0.636000	0.872620
-0.635000	0.873365
-0.634000	0.874107
-0.633000	0.874847
-0.632000	0.875585
-0.631000	0.876321
-0.630000	0.877055
-0.629000	0.877787
-0.628000	0.878517
-0.627000	0.879245
-0.626000	0.879971
-0.625000	0.880694
-0.624000	0.881416
-0.623000	0.882135
-0.622000	0.882853
-0.621000	0.883568
-0.620000	0.884282
-0.619000	0.884993
-0.618000	0.885703
-0.617000	0.886410
-0.616000	0.887116
-0.615000	0.887819
-0.614000	0.888521
-0.613000	0.889221
-0.612000	0.889918
-0.611000	0.890614
-0.610000	0.891307
-0.609000	0.891999
-0.608000	0.892689
-0.607000	0.893377
-0.606000	0.894063
-0.605000	0.894747
-0.604000	0.895429
-0.603000	0.896109
-0.602000	0.896788
-0.601000	0.897464
-0.600000	0.898139
-0.599000	0.898811
-0.598000	0.899482
-0.597000	0.900151
-0.596000	0.900818
-0.595000	0.901483
-0.594000	0.902147
-0.593000	0.902808
-0.592000	0.903468
-0.591000	0.904126
-0.590000	0.904782
-0.589000	0.905436
-0.588000	0.906088
-0.587000	0.906739
-0.586000	0.907387
-0.585000	0.908034
-0.584000	0.908680
-0.583000	0.909323
-0.582000	0.909964
-0.581000	0.910604
-0.580000	0.911242
-0.579000	0.911879
-0.578000	0.912513
-0.577000	0.913146
-0.576000	0.913777
-0.575000	0.914406
-0.574000	0.915034
-0.573000	0.915659
-0.572000	0.916283
-0.571000	0.916906
-0.570000	0.917526
-0.569000	0.918145
-0.568000	0.918762
-0.567000	0.919378
-0.566000	0.919992
-0.565000	0.920604
-0.564000	0.921214
-0.563000	0.921823
-0.562000	0.922430
-0.561000	0.923035
-0.560000	0.923639
-0.559000	0.924241
-0.558000	0.924841
-0.557000	0.925440
-0.556000	0.926037
-0.555000	0.926632
-0.554000	0.927226
-0.553000	0.927818
-0.552000	0.928409
-0.551000	0.928998
-0.550000	0.929585
-0.549000	0.930170
-0.548000	0.930754
-0.547000	0.931337
-0.546000	0.931918
-0.545000	0.932497
-0.544000	0.933074
-0.543000	0.933650
-0.542000	0.934225
-0.541000	0.934797
-0.540000	0.935369
-0.539000	0.935938
-0.538000	0.936506
-0.537000	0.937073
-0.536000	0.937638
-0.535000	0.938201
-0.534000	0.938763
-0.533000	0.939323
-0.532000	0.939882
-0.531000	0.940439
-0.530000	0.940994
-0.529000	0.941548
-0.528000	0.942101
-0.527000	0.942652
-0.526000	0.943202
-0.525000	0.943749
-0.524000	0.944296
-0.523000	0.944841
-0.522000	0.945384
-0.521000	0.945926
-0.520000	0.946467
-0.519000	0.947005
-0.518000	0.947543
-0.517000	0.948079
-0.516000	0.948613
-0.515000	0.949146
-0.514000	0.949678
-0.513000	0.950208
-0.512000	0.950736
-0.511000	0.951263
-0.510000	0.951789
-0.509000	0.952313
-0.508000	0.952835
-0.507000	0.953357
-0.506000	0.953876
-0.505000	0.954395
-0.504000	0.954912
-0.503000	0.955427
-0.502000	0.955941
-0.501000	0.956453
-0.500000	0.956965
-0.499000	0.957474
-0.498000	0.957982
-0.497000	0.958489
-0.496000	0.958995
-0.495000	0.959499
-0.494000	0.960001
-0.493000	0.960502
-0.492000	0.961002
-0.491000	0.961500
-0.490000	0.961997
-0.489000	0.962493
-0.488000	0.962987
-0.487000	0.963480
-0.486000	0.963971
-0.485000	0.964461
-0.484000	0.964950
-0.483000	0.965437
-0.482000	0.965923
-0.481000	0.966408
-0.480000	0.966891
-0.479000	0.967372
-0.478000	0.967853
-0.477000	0.968332
-0.476000	0.968810
-0.475000	0.969286
-0.474000	0.969761
-0.473000	0.970234
-0.472000	0.970707
-0.471000	0.971178
-0.470000	0.971647
-0.469000	0.972115
-0.468000	0.972582
-0.467000	0.973048
-0.466000	0.973512
-0.465000	0.973975
-0.464000	0.974437
-0.463000	0.974897
-0.462000	0.975356
-0.461000	0.975814
-0.460000	0.976270
-0.459000	0.976725
-0.458000	0.977179
-0.457000	0.977631
-0.456000	0.978082
-0.455000	0.978532
-0.454000	0.978981
-0.453000	0.979428
-0.452000	0.979874
-0.451000	0.980319
-0.450000	0.980762
-0.449000	0.981204
-0.448000	0.981645
-0.447000	0.982084
-0.446000	0.982523
-0.445000	0.982960
-0.444000	0.983395
-0.443000	0.983830
-0.442000	0.984263
-0.441000	0.984695
-0.440000	0.985125
-0.439000	0.985555
-0.438000	0.985983
-0.437000	0.986410
-0.436000	0.986835
-0.435000	0.987260
-0.434000	0.987683
-0.433000	0.988105
-0.432000	0.988525
-0.431000	0.988945
-0.430000	0.989363
-0.429000	0.989780
-0.428000	0.990196
-0.427000	0.990610
-0.426000	0.991023
-0.425000	0.991435
-0.424000	0.991846
-0.423000	0.992256
-0.422000	0.992664
-0.421000	0.993071
-0.420000	0.993477
-0.419000	0.993882
-0.418000	0.994285
-0.417000	0.994688
-0.416000	0.995089
-0.415000	0.995489
-0.414000	0.995887
-0.413000	0.996285
-0.412000	0.996681
-0.411000	0.997076
-0.410000	0.997470
-0.409000	0.997863
-0.408000	0.998254
-0.407000	0.998644
-0.406000	0.999033
-0.405000	0.999421
-0.404000	0.999808
-0.403000	1.000194
-0.402000	1.000578
-0.401000	1.000961
-0.400000	1.001343
-0.399000	1.001724
-0.398000	1.002104
-0.397000	1.002483
-0.396000	1.002860
-0.395000	1.003236
-0.394000	1.003611
-0.393000	1.003985
-0.392000	1.004358
-0.391000	1.004729
-0.390000	1.005100
-0.389000	1.005469
-0.388000	1.005837
-0.387000	1.006204
-0.386000	1.006570
-0.385000	1.006935
-0.384000	1.007298
-0.383000	1.007661
-0.382000	1.008022
-0.381000	1.008382
-0.380000	1.008741
-0.379000	1.009099
-0.378000	1.009455
-0.377000	1.009811
-0.376000	1.010166
-0.375000	1.010519
-0.374000	1.010871
-0.373000	1.011222
-0.372000	1.011572
-0.371000	1.011921
-0.370000	1.012269
-0.369000	1.012615
-0.368000	1.012961
-0.367000	1.013305
-0.366000	1.013648
-0.365000	1.013990
-0.364000	1.014332
-0.363000	1.014671
-0.362000	1.015010
-0.361000	1.015348
-0.360000	1.015685
-0.359000	1.016020
-0.358000	1.016355
-0.357000	1.016688
-0.356000	1.017020
-0.355000	1.017351
-0.354000	1.017681
-0.353000	1.018010
-0.352000	1.018338
-0.351000	1.018665
-0.350000	1.018991
-0.349000	1.019315
-0.348000	1.019639
-0.347000	1.019961
-0.346000	1.020283
-0.345000	1.020603
-0.344000	1.020922
-0.343000	1.021240
-0.342000	1.021557
-0.341000	1.021873
-0.340000	1.022188
-0.339000	1.022502
-0.338000	1.022815
-0.337000	1.023126
-0.336000	1.023437
-0.335000	1.023747
-0.334000	1.024055
-0.333000	1.024363
-0.332000	1.024669
-0.331000	1.024974
-0.330000	1.025279
-0.329000	1.025582
-0.328000	1.025884
-0.327000	1.026185
-0.326000	1.026485
-0.325000	1.026784
-0.324000	1.027082
-0.323000	1.027379
-0.322000	1.027675
-0.321000	1.027970
-0.320000	1.028264
-0.319000	1.028556
-0.318000	1.028848
-0.317000	1.029139
-0.316000	1.029428
-0.315000	1.029717
-0.314000	1.030005
-0.313000	1.030291
-0.312000	1.030577
-0.311000	1.030861
-0.310000	1.031144
-0.309000	1.031427
-0.308000	1.031708
-0.307000	1.031989
-0.306000	1.032268
-0.305000	1.032546
-0.304000	1.032823
-0.303000	1.033100
-0.302000	1.033375
-0.301000	1.033649
-0.300000	1.033922
-0.299000	1.034194
-0.298000	1.034466
-0.297000	1.034736
-0.296000	1.035005
-0.295000	1.035273
-0.294000	1.035540
-0.293000	1.035806
-0.292000	1.036071
-0.291000	1.036335
-0.290000	1.036598
-0.289000	1.036861
-0.288000	1.037122
-0.287000	1.037382
-0.286000	1.037641
-0.285000	1.037899
-0.284000	1.038156
-0.283000	1.038412
-0.282000	1.038667
-0.281000	1.038921
-0.280000	1.039174
-0.279000	1.039426
-0.278000	1.039677
-0.277000	1.039927
-0.276000	1.040176
-0.275000	1.040425
-0.274000	1.040672
-0.273000	1.040918
-0.272000	1.041163
-0.271000	1.041407
-0.270000	1.041650
-0.269000	1.041893
-0.268000	1.042134
-0.267000	1.042374
-0.266000	1.042613
-0.265000	1.042852
-0.264000	1.043089
-0.263000	1.043325
-0.262000	1.043560
-0.261000	1.043795
-0.260000	1.044028
-0.259000	1.044261
-0.258000	1.044492
-0.257000	1.044723
-0.256000	1.044952
-0.255000	1.045181
-0.254000	1.045408
-0.253000	1.045635
-0.252000	1.045860
-0.251000	1.046085
-0.250000	1.046309
-0.249000	1.046531
-0.248000	1.046753
-0.247000	1.046974
-0.246000	1.047194
-0.245000	1.047413
-0.244000	1.047631
-0.243000	1.047848
-0.242000	1.048064
-0.241000	1.048279
-0.240000	1.048493
-0.239000	1.048706
-0.238000	1.048918
-0.237000	1.049129
-0.236000	1.049340
-0.235000	1.049549
-0.234000	1.049757
-0.233000	1.049965
-0.232000	1.050171
-0.231000	1.050377
-0.230000	1.050581
-0.229000	1.050785
-0.228000	1.050988
-0.227000	1.051189
-0.226000	1.051390
-0.225000	1.051590
-0.224000	1.051789
-0.223000	1.051987
-0.222000	1.052184
-0.221000	1.052380
-0.220000	1.052575
-0.219000	1.052769
-0.218000	1.052963
-0.217000	1.053155
-0.216000	1.053346
-0.215000	1.053537
-0.214000	1.053726
-0.213000	1.053915
-0.212000	1.054103
-0.211000	1.054289
-0.210000	1.054475
-0.209000	1.054660
-0.208000	1.054844
-0.207000	1.055027
-0.206000	1.055209
-0.205000	1.055390
-0.204000	1.055570
-0.203000	1.055750
-0.202000	1.055928
-0.201000	1.056105
-0.200000	1.056282
-0.199000	1.056457
-0.198000	1.056632
-0.197000	1.056806
-0.196000	1.056979
-0.195000	1.057151
-0.194000	1.057322
-0.193000	1.057492
-0.192000	1.057661
-0.191000	1.057829
-0.190000	1.057996
-0.189000	1.058163
-0.188000	1.058328
-0.187000	1.058493
-0.186000	1.058656
-0.185000	1.058819
-0.184000	1.058981
-0.183000	1.059142
-0.182000	1.059302
-0.181000	1.059461
-0.180000	1.059619
-0.179000	1.059776
-0.178000	1.059932
-0.177000	1.060088
-0.176000	1.060242
-0.175000	1.060396
-0.174000	1.060549
-0.173000	1.060700
-0.172000	1.060851
-0.171000	1.061001
-0.170000	1.061150
-0.169000	1.061298
-0.168000	1.061446
-0.167000	1.061592
-0.166000	1.061738
-0.165000	1.061882
-0.164000	1.062026
-0.163000	1.062168
-0.162000	1.062310
-0.161000	1.062451
-0.160000	1.062591
-0.159000	1.062730
-0.158000	1.062869
-0.157000	1.063006
-0.156000	1.063142
-0.155000	1.063278
-0.154000	1.063413
-0.153000	1.063546
-0.152000	1.063679
-0.151000	1.063811
-0.150000	1.063942
-0.149000	1.064072
-0.148000	1.064202
-0.147000	1.064330
-0.146000	1.064458
-0.145000	1.064584
-0.144000	1.064710
-0.143000	1.064835
-0.142000	1.064959
-0.141000	1.065082
-0.140000	1.065204
-0.139000	1.065325
-0.138000	1.065445
-0.137000	1.065565
-0.136000	1.065683
-0.135000	1.065801
-0.134000	1.065918
-0.133000	1.066034
-0.132000	1.066149
-0.131000	1.066263
-0.130000	1.066376
-0.129000	1.066488
-0.128000	1.066600
-0.127000	1.066711
-0.126000	1.066820
-0.125000	1.066929
-0.124000	1.067037
-0.123000	1.067144
-0.122000	1.067250
-0.121000	1.067356
-0.120000	1.067460
-0.119000	1.067564
-0.118000	1.067666
-0.117000	1.067768
-0.116000	1.067869
-0.115000	1.067969
-0.114000	1.068068
-0.113000	1.068166
-0.112000	1.068264
-0.111000	1.068360
-0.110000	1.068456
-0.109000	1.068550
-0.108000	1.068644
-0.107000	1.068737
-0.106000	1.068829
-0.105000	1.068921
-0.104000	1.069011
-0.103000	1.069100
-0.102000	1.069189
-0.101000	1.069277
-0.100000	1.069364
-0.099000	1.069450
-0.098000	1.069535
-0.097000	1.069619
-0.096000	1.069702
-0.095000	1.069785
-0.094000	1.069866
-0.093000	1.069947
-0.092000	1.070027
-0.091000	1.070106
-0.090000	1.070184
-0.089000	1.070261
-0.088000	1.070338
-0.087000	1.070413
-0.086000	1.070488
-0.085000	1.070562
-0.084000	1.070635
-0.083000	1.070707
-0.082000	1.070778
-0.081000	1.070848
-0.080000	1.070917
-0.079000	1.070986
-0.078000	1.071054
-0.077000	1.071120
-0.076000	1.071186
-0.075000	1.071251
-0.074000	1.071316
-0.073000	1.071379
-0.072000	1.071441
-0.071000	1.071503
-0.070000	1.071564
-0.069000	1.071624
-0.068000	1.071683
-0.067000	1.071741
-0.066000	1.071798
-0.065000	1.071854
-0.064000	1.071910
-0.063000	1.071965
-0.062000	1.072018
-0.061000	1.072071
-0.060000	1.072124
-0.059000	1.072175
-0.058000	1.072225
-0.057000	1.072275
-0.056000	1.072323
-0.055000	1.072371
-0.054000	1.072418
-0.053000	1.072464
-0.052000	1.072509
-0.051000	1.072553
-0.050000	1.072597
-0.049000	1.072639
-0.048000	1.072681
-0.047000	1.072722
-0.046000	1.072762
-0.045000	1.072801
-0.044000	1.072839
-0.043000	1.072877
-0.042000	1.072913
-0.041000	1.072949
-0.040000	1.072984
-0.039000	1.073018
-0.038000	1.073051
-0.037000	1.073083
-0.036000	1.073114
-0.035000	1.073145
-0.034000	1.073175
-0.033000	1.073203
-0.032000	1.073231
-0.031000	1.073258
-0.030000	1.073285
-0.029000	1.073310
-0.028000	1.073334
-0.027000	1.073358
-0.026000	1.073381
-0.025000	1.073403
-0.024000	1.073424
-0.023000	1.073444
-0.022000	1.073463
-0.021000	1.073482
-0.020000	1.073499
-0.019000	1.073516
-0.018000	1.073532
-0.017000	1.073547
-0.016000	1.073561
-0.015000	1.073575
-0.014000	1.073587
-0.013000	1.073599
-0.012000	1.073609
-0.011000	1.073619
-0.010000	1.073628
-0.009000	1.073636
-0.008000	1.073644
-0.007000	1.073650
-0.006000	1.073656
-0.005000	1.073661
-0.004000	1.073664
-0.003000	1.073667
-0.002000	1.073670
-0.001000	1.073671
0.000000	1.073671
0.001000	1.073671
0.002000	1.073670
0.003000	1.073667
0.004000	1.073664
0.005000	1.073661
0.006000	1.073656
0.007000	1.073650
0.008000	1.073644
0.009000	1.073636
0.010000	1.073628
0.011000	1.073619
0.012000	1.073609
0.013000	1.073599
0.014000	1.073587
0.015000	1.073575
0.016000	1.073561
0.017000	1.073547
0.018000	1.073532
0.019000	1.073516
0.020000	1.073499
0.021000	1.073482
0.022000	1.073463
0.023000	1.073444
0.024000	1.073424
0.025000	1.073403
0.026000	1.073381
0.027000	1.073358
0.028000	1.073334
0.029000	1.073310
0.030000	1.073285
0.031000	1.073258
0.032000	1.073231
0.033000	1.073203
0.034000	1.073175
0.035000	1.073145
0.036000	1.073114
0.037000	1.073083
0.038000	1.073051
0.039000	1.073018
0.040000	1.072984
0.041000	1.072949
0.042000	1.072913
0.043000	1.072877
0.044000	1.072839
0.045000	1.072801
0.046000	1.072762
0.047000	1.072722
0.048000	1.072681
0.049000	1.072639
0.050000	1.072597
0.051000	1.072553
0.052000	1.072509
0.053000	1.072464
0.054000	1.072418
0.055000	1.072371
0.056000	1.072323
0.057000	1.072275
0.058000	1.072225
0.059000	1.072175
0.060000	1.072124
0.061000	1.072071
0.062000	1.072018
0.063000	1.071965
0.064000	1.071910
0.065000	1.071854
0.066000	1.071798
0.067000	1.071741
0.068000	1.071683
0.069000	1.071624
0.070000	1.071564
0.071000	1.071503
0.072000	1.071441
0.073000	1.071379
0.074000	1.071316
0.075000	1.071251
0.076000	1.071186
0.077000	1.071120
0.078000	1.071054
0.079000	1.070986
0.080000	1.070917
0.081000	1.070848
0.082000	1.070778
0.083000	1.070707
0.084000	1.070635
0.085000	1.070562
0.086000	1.070488
0.087000	1.070413
0.088000	1.070338
0.089000	1.070261
0.090000	1.070184
0.091000	1.070106
0.092000	1.070027
0.093000	1.069947
0.094000	1.069866
0.095000	1.069785
0.096000	1.069702
0.097000	1.069619
0.098000	1.069535
0.099000	1.069450
0.100000	1.069364
0.101000	1.069277
0.102000	1.069189
0.103000	1.069100
0.104000	1.069011
0.105000	1.068921
0.106000	1.068829
0.107000	1.068737
0.108000	1.068644
0.109000	1.068550
0.110000	1.068456
0.111000	1.068360
0.112000	1.068264
0.113000	1.068166
0.114000	1.068068
0.115000	1.067969
0.116000	1.067869
0.117000	1.067768
0.118000	1.067666
0.119000	1.067564
0.120000	1.067460
0.121000	1.067356
0.122000	1.067250
0.123000	1.067144
0.124000	1.067037
0.125000	1.066929
0.126000	1.066820
0.127000	1.066711
0.128000	1.066600
0.129000	1.066488
0.130000	1.066376
0.131000	1.066263
0.132000	1.066149
0.133000	1.066034
0.134000	1.065918
0.135000	1.065801
0.136000	1.065683
0.137000	1.065565
0.138000	1.065445
0.139000	1.065325
0.140000	1.065204
0.141000	1.065082
0.142000	1.064959
0.143000	1.064835
0.144000	1.064710
0.145000	1.064584
0.146000	1.064458
0.147000	1.064330
0.148000	1.064202
0.149000	1.064072
0.150000	1.063942
0.151000	1.063811
0.152000	1.063679
0.153000	1.063546
0.154000	1.063413
0.155000	1.063278
0.156000	1.063142
0.157000	1.063006
0.158000	1.062869
0.159000	1.062730
0.160000	1.062591
0.161000	1.062451
0.162000	1.062310
0.163000	1.062168
0.164000	1.062026
0.165000	1.061882
0.166000	1.061738
0.167000	1.061592
0.168000	1.061446
0.169000	1.061298
0.170000	1.061150
0.171000	1.061001
0.172000	1.060851
0.173000	1.060700
0.174000	1.060549
0.175000	1.060396
0.176000	1.060242
0.177000	1.060088
0.178000	1.059932
0.179000	1.059776
0.180000	1.059619
0.181000	1.059461
0.182000	1.059302
0.183000	1.059142
0.184000	1.058981
0.185000	1.058819
0.186000	1.058656
0.187000	1.058493
0.188000	1.058328
0.189000	1.058163
0.190000	1.057996
0.191000	1.057829
0.192000	1.057661
0.193000	1.057492
0.194000	1.057322
0.195000	1.057151
0.196000	1.056979
0.197000	1.056806
0.198000	1.056632
0.199000	1.056457
0.200000	1.056282
0.201000	1.056105
0.202000	1.055928
0.203000	1.055750
0.204000	1.055570
0.205000	1.055390
0.206000	1.055209
0.207000	1.055027
0.208000	1.054844
0.209000	1.054660
0.210000	1.054475
0.211000	1.054289
0.212000	1.054103
0.213000	1.053915
0.214000	1.053726
0.215000	1.053537
0.216000	1.053346
0.217000	1.053155
0.218000	1.052963
0.219000	1.052769
0.220000	1.052575
0.221000	1.052380
0.222000	1.052184
0.223000	1.051987
0.224000	1.051789
0.225000	1.051590
0.226000	1.051390
0.227000	1.051189
0.228000	1.050988
0.229000	1.050785
0.230000	1.050581
0.231000	1.050377
0.232000	1.050171
0.233000	1.049965
0.234000	1.049757
0.235000	1.049549
0.236000	1.049340
0.237000	1.049129
0.238000	1.048918
0.239000	1.048706
0.240000	1.048493
0.241000	1.048279
0.242000	1.048064
0.243000	1.047848
0.244000	1.047631
0.245000	1.047413
0.246000	1.047194
0.247000	1.046974
0.248000	1.046753
0.249000	1.046531
0.250000	1.046309
0.251000	1.046085
0.252000	1.045860
0.253000	1.045635
0.254000	1.045408
0.255000	1.045181
0.256000	1.044952
0.257000	1.044723
0.258000	1.044492
0.259000	1.044261
0.260000	1.044028
0.261000	1.043795
0.262000	1.043560
0.263000	1.043325
0.264000	1.043089
0.265000	1.042852
0.266000	1.042613
0.267000	1.042374
0.268000	1.042134
0.269000	1.041893
0.270000	1.041650
0.271000	1.041407
0.272000	1.041163
0.273000	1.040918
0.274000	1.040672
0.275000	1.040425
0.276000	1.040176
0.277000	1.039927
0.278000	1.039677
0.279000	1.039426
0.280000	1.039174
0.281000	1.038921
0.282000	1.038667
0.283000	1.038412
0.284000	1.038156
0.285000	1.037899
0.286000	1.037641
0.287000	1.037382
0.288000	1.037122
0.289000	1.036861
0.290000	1.036598
0.291000	1.036335
0.292000	1.036071
0.293000	1.035806
0.294000	1.035540
0.295000	1.035273
0.296000	1.035005
0.297000	1.034736
0.298000	1.034466
0.299000	1.034194
0.300000	1.033922
0.301000	1.033649
0.302000	1.033375
0.303000	1.033100
0.304000	1.032823
0.305000	1.032546
0.306000	1.032268
0.307000	1.031989
0.308000	1.031708
0.309000	1.031427
0.310000	1.031144
0.311000	1.030861
0.312000	1.030577
0.313000	1.030291
0.314000	1.030005
0.315000	1.029717
0.316000	1.029428
0.317000	1.029139
0.318000	1.028848
0.319000	1.028556
0.320000	1.028264
0.321000	1.027970
0.322000	1.027675
0.323000	1.027379
0.324000	1.027082
0.325000	1.026784
0.326000	1.026485
0.327000	1.026185
0.328000	1.025884
0.329000	1.025582
0.330000	1.025279
0.331000	1.024974
0.332000	1.024669
0.333000	1.024363
0.334000	1.024055
0.335000	1.023747
0.336000	1.023437
0.337000	1.023126
0.338000	1.022815
0.339000	1.022502
0.340000	1.022188
0.341000	1.021873
0.342000	1.021557
0.343000	1.021240
0.344000	1.020922
0.345000	1.020603
0.346000	1.020283
0.347000	1.019961
0.348000	1.019639
0.349000	1.019315
0.350000	1.018991
0.351000	1.018665
0.352000	1.018338
0.353000	1.018010
0.354000	1.017681
0.355000	1.017351
0.356000	1.017020
0.357000	1.016688
0.358000	1.016355
0.359000	1.016020
0.360000	1.015685
0.361000	1.015348
0.362000	1.015010
0.363000	1.014671
0.364000	1.014332
0.365000	1.013990
0.366000	1.013648
0.367000	1.013305
0.368000	1.012961
0.369000	1.012615
0.370000	1.012269
0.371000	1.011921
0.372000	1.011572
0.373000	1.011222
0.374000	1.010871
0.375000	1.010519
0.376000	1.010166
0.377000	1.009811
0.378000	1.009455
0.379000	1.009099
0.380000	1.008741
0.381000	1.008382
0.382000	1.008022
0.383000	1.007661
0.384000	1.007298
0.385000	1.006935
0.386000	1.006570
0.387000	1.006204
0.388000	1.005837
0.389000	1.005469
0.390000	1.005100
0.391000	1.004729
0.392000	1.004358
0.393000	1.003985
0.394000	1.003611
0.395000	1.003236
0.396000	1.002860
0.397000	1.002483
0.398000	1.002104
0.399000	1.001724
0.400000	1.001343
0.401000	1.000961
0.402000	1.000578
0.403000	1.000194
0.404000	0.999808
0.405000	0.999421
0.406000	0.999033
0.407000	0.998644
0.408000	0.998254
0.409000	0.997863
0.410000	0.997470
0.411000	0.997076
0.412000	0.996681
0.413000	0.996285
0.414000	0.995887
0.415000	0.995489
0.416000	0.995089
0.417000	0.994688
0.418000	0.994285
0.419000	0.993882
0.420000	0.993477
0.421000	0.993071
0.422000	0.992664
0.423000	0.992256
0.424000	0.991846
0.425000	0.991435
0.426000	0.991023
0.427000	0.990610
0.428000	0.990196
0.429000	0.989780
0.430000	0.989363
0.431000	0.988945
0.432000	0.988525
0.433000	0.988105
0.434000	0.987683
0.435000	0.987260
0.436000	0.986835
0.437000	0.986410
0.438000	0.985983
0.439000	0.985555
0.440000	0.985125
0.441000	0.984695
0.442000	0.984263
0.443000	0.983830
0.444000	0.983395
0.445000	0.982960
0.446000	0.982523
0.447000	0.982084
0.448000	0.981645
0.449000	0.981204
0.450000	0.980762
0.451000	0.980319
0.452000	0.979874
0.453000	0.979428
0.454000	0.978981
0.455000	0.978532
0.456000	0.978082
0.457000	0.977631
0.458000	0.977179
0.459000	0.976725
0.460000	0.976270
0.461000	0.975814
0.462000	0.975356
0.463000	0.974897
0.464000	0.974437
0.465000	0.973975
0.466000	0.973512
0.467000	0.973048
0.468000	0.972582
0.469000	0.972115
0.470000	0.971647
0.471000	0.971178
0.472000	0.970707
0.473000	0.970234
0.474000	0.969761
0.475000	0.969286
0.476000	0.968810
0.477000	0.968332
0.478000	0.967853
0.479000	0.967372
0.480000	0.966891
0.481000	0.966408
0.482000	0.965923
0.483000	0.965437
0.484000	0.964950
0.485000	0.964461
0.486000	0.963971
0.487000	0.963480
0.488000	0.962987
0.489000	0.962493
0.490000	0.961997
0.491000	0.961500
0.492000	0.961002
0.493000	0.960502
0.494000	0.960001
0.495000	0.959499
0.496000	0.958995
0.497000	0.958489
0.498000	0.957982
0.499000	0.957474
0.500000	0.956965
0.501000	0.956453
0.502000	0.955941
0.503000	0.955427
0.504000	0.954912
0.505000	0.954395
0.506000	0.953876
0.507000	0.953357
0.508000	0.952835
0.509000	0.952313
0.510000	0.951789
0.511000	0.951263
0.512000	0.950736
0.513000	0.950208
0.514000	0.949678
0.515000	0.949146
0.516000	0.948613
0.517000	0.948079
0.518000	0.947543
0.519000	0.947005
0.520000	0.946467
0.521000	0.945926
0.522000	0.945384
0.523000	0.944841
0.524000	0.944296
0.525000	0.943749
0.526000	0.943202
0.527000	0.942652
0.528000	0.942101
0.529000	0.941548
0.530000	0.940994
0.531000	0.940439
0.532000	0.939882
0.533000	0.939323
0.534000	0.938763
0.535000	0.938201
0.536000	0.937638
0.537000	0.937073
0.538000	0.936506
0.539000	0.935938
0.540000	0.935369
0.541000	0.934797
0.542000	0.934225
0.543000	0.933650
0.544000	0.933074
0.545000	0.932497
0.546000	0.931918
0.547000	0.931337
0.548000	0.930754
0.549000	0.930170
0.550000	0.929585
0.551000	0.928998
0.552000	0.928409
0.553000	0.927818
0.554000	0.927226
0.555000	0.926632
0.556000	0.926037
0.557000	0.925440
0.558000	0.924841
0.559000	0.924241
0.560000	0.923639
0.561000	0.923035
0.562000	0.922430
0.563000	0.921823
0.564000	0.921214
0.565000	0.920604
0.566000	0.919992
0.567000	0.919378
0.568000	0.918762
0.569000	0.918145
0.570000	0.917526
0.571000	0.916906
0.572000	0.916283
0.573000	0.915659
0.574000	0.915034
0.575000	0.914406
0.576000	0.913777
0.577000	0.913146
0.578000	0.912513
0.579000	0.911879
0.580000	0.911242
0.581000	0.910604
0.582000	0.909964
0.583000	0.909323
0.584000	0.908680
0.585000	0.908034
0.586000	0.907387
0.587000	0.906739
0.588000	0.906088
0.589000	0.905436
0.590000	0.904782
0.591000	0.904126
0.592000	0.903468
0.593000	0.902808
0.594000	0.902147
0.595000	0.901483
0.596000	0.900818
0.597000	0.900151
0.598000	0.899482
0.599000	0.898811
0.600000	0.898139
0.601000	0.897464
0.602000	0.896788
0.603000	0.896109
0.604000	0.895429
0.605000	0.894747
0.606000	0.894063
0.607000	0.893377
0.608000	0.892689
0.609000	0.891999
0.610000	0.891307
0.611000	0.890614
0.612000	0.889918
0.613000	0.889221
0.614000	0.888521
0.615000	0.887819
0.616000	0.887116
0.617000	0.886410
0.618000	0.885703
0.619000	0.884993
0.620000	0.884282
0.621000	0.883568
0.622000	0.882853
0.623000	0.882135
0.624000	0.881416
0.625000	0.880694
0.626000	0.879971
0.627000	0.879245
0.628000	0.878517
0.629000	0.877787
0.630000	0.877055
0.631000	0.876321
0.632000	0.875585
0.633000	0.874847
0.634000	0.874107
0.635000	0.873365
0.636000	0.872620
0.637000	0.871873
0.638000	0.871125
0.639000	0.870374
0.640000	0.869621
0.641000	0.868865
0.642000	0.868108
0.643000	0.867349
0.644000	0.866587
0.645000	0.865823
0.646000	0.865057
0.647000	0.864288
0.648000	0.863518
0.649000	0.862745
0.650000	0.861970
0.651000	0.861193
0.652000	0.860413
0.653000	0.859631
0.654000	0.858847
0.655000	0.858061
0.656000	0.857272
0.657000	0.856481
0.658000	0.855688
0.659000	0.854893
0.660000	0.854095
0.661000	0.853295
0.662000	0.852492
0.663000	0.851687
0.664000	0.850880
0.665000	0.850071
0.666000	0.849259
0.667000	0.848444
0.668000	0.847627
0.669000	0.846808
0.670000	0.845987
0.671000	0.845163
0.672000	0.844336
0.673000	0.843507
0.674000	0.842676
0.675000	0.841842
0.676000	0.841006
0.677000	0.840167
0.678000	0.839326
0.679000	0.838482
0.680000	0.837635
0.681000	0.836787
0.682000	0.835935
0.683000	0.835081
0.684000	0.834225
0.685000	0.833365
0.686000	0.832504
0.687000	0.831639
0.688000	0.830773
0.689000	0.829903
0.690000	0.829031
0.691000	0.828156
0.692000	0.827279
0.693000	0.826398
0.694000	0.825516
0.695000	0.824630
0.696000	0.823742
0.697000	0.822851
0.698000	0.821957
0.699000	0.821061
0.700000	0.820162
0.701000	0.819260
0.702000	0.818355
0.703000	0.817447
0.704000	0.816537
0.705000	0.815624
0.706000	0.814708
0.707000	0.813789
0.708000	0.812867
0.709000	0.811943
0.710000	0.811015
0.711000	0.810085
0.712000	0.809151
0.713000	0.808215
0.714000	0.807276
0.715000	0.806334
0.716000	0.805389
0.717000	0.804441
0.718000	0.803490
0.719000	0.802535
0.720000	0.801578
0.721000	0.800618
0.722000	0.799655
0.723000	0.798688
0.724000	0.797719
0.725000	0.796746
0.726000	0.795771
0.727000	0.794792
0.728000	0.793810
0.729000	0.792824
0.730000	0.791836
0.731000	0.790844
0.732000	0.789850
0.733000	0.788852
0.734000	0.787850
0.735000	0.786846
0.736000	0.785838
0.737000	0.784826
0.738000	0.783812
0.739000	0.782794
0.740000	0.781772
0.741000	0.780748
0.742000	0.779720
0.743000	0.778688
0.744000	0.777653
0.745000	0.776615
0.746000	0.775573
0.747000	0.774527
0.748000	0.773478
0.749000	0.772426
0.750000	0.771370
0.751000	0.770310
0.752000	0.769247
0.753000	0.768180
0.754000	0.767109
0.755000	0.766035
0.756000	0.764957
0.757000	0.763875
0.758000	0.762790
0.759000	0.761701
0.760000	0.760608
0.761000	0.759511
0.762000	0.758411
0.763000	0.757306
0.764000	0.756198
0.765000	0.755086
0.766000	0.753970
0.767000	0.752850
0.768000	0.751726
0.769000	0.750598
0.770000	0.749466
0.771000	0.748330
0.772000	0.747189
0.773000	0.746045
0.774000	0.744897
0.775000	0.743744
0.776000	0.742588
0.777000	0.741427
0.778000	0.740262
0.779000	0.739092
0.780000	0.737919
0.781000	0.736741
0.782000	0.735558
0.783000	0.734371
0.784000	0.733180
0.785000	0.731985
0.786000	0.730785
0.787000	0.729580
0.788000	0.728371
0.789000	0.727157
0.790000	0.725939
0.791000	0.724716
0.792000	0.723489
0.793000	0.722257
0.794000	0.721020
0.795000	0.719778
0.796000	0.718532
0.797000	0.717280
0.798000	0.716024
0.799000	0.714763
0.800000	0.713497
0.801000	0.712226
0.802000	0.710950
0.803000	0.709669
0.804000	0.708383
0.805000	0.707092
0.806000	0.705796
0.807000	0.704494
0.808000	0.703188
0.809000	0.701876
0.810000	0.700558
0.811000	0.699235
0.812000	0.697907
0.813000	0.696574
0.814000	0.695235
0.815000	0.693890
0.816000	0.692540
0.817000	0.691184
0.818000	0.689823
0.819000	0.688455
0.820000	0.687083
0.821000	0.685704
0.822000	0.684319
0.823000	0.682929
0.824000	0.681532
0.825000	0.680130
0.826000	0.678721
0.827000	0.677306
0.828000	0.675886
0.829000	0.674459
0.830000	0.673025
0.831000	0.671586
0.832000	0.670140
0.833000	0.668687
0.834000	0.667228
0.835000	0.665763
0.836000	0.664290
0.837000	0.662812
0.838000	0.661326
0.839000	0.659834
0.840000	0.658334
0.841000	0.656828
0.842000	0.655315
0.843000	0.653795
0.844000	0.652267
0.845000	0.650733
0.846000	0.649191
0.847000	0.647641
0.848000	0.646085
0.849000	0.644521
0.850000	0.642949
0.851000	0.641370
0.852000	0.639783
0.853000	0.638188
0.854000	0.636585
0.855000	0.634974
0.856000	0.633355
0.857000	0.631729
0.858000	0.630093
0.859000	0.628450
0.860000	0.626798
0.861000	0.625138
0.862000	0.623469
0.863000	0.621791
0.864000	0.620105
0.865000	0.618410
0.866000	0.616706
0.867000	0.614992
0.868000	0.613270
0.869000	0.611538
0.870000	0.609797
0.871000	0.608046
0.872000	0.606286
0.873000	0.604516
0.874000	0.602736
0.875000	0.600947
0.876000	0.599147
0.877000	0.597337
0.878000	0.595516
0.879000	0.593685
0.880000	0.591844
0.881000	0.589991
0.882000	0.588128
0.883000	0.586254
0.884000	0.584369
0.885000	0.582472
0.886000	0.580564
0.887000	0.578644
0.888000	0.576712
0.889000	0.574769
0.890000	0.572813
0.891000	0.570845
0.892000	0.568865
0.893000	0.566872
0.894000	0.564866
0.895000	0.562847
0.896000	0.560815
0.897000	0.558770
0.898000	0.556711
0.899000	0.554638
0.900000	0.552552
0.901000	0.550450
0.902000	0.548335
0.903000	0.546205
0.904000	0.544060
0.905000	0.541900
0.906000	0.539724
0.907000	0.537533
0.908000	0.535325
0.909000	0.533102
0.910000	0.530862
0.911000	0.528605
0.912000	0.526332
0.913000	0.524041
0.914000	0.521732
0.915000	0.519405
0.916000	0.517060
0.917000	0.514697
0.918000	0.512314
0.919000	0.509912
0.920000	0.507490
0.921000	0.505049
0.922000	0.502586
0.923000	0.500103
0.924000	0.497598
0.925000	0.495072
0.926000	0.492523
0.927000	0.489952
0.928000	0.487357
0.929000	0.484739
0.930000	0.482096
0.931000	0.479429
0.932000	0.476736
0.933000	0.474017
0.934000	0.471272
0.935000	0.468499
0.936000	0.465699
0.937000	0.462870
0.938000	0.460012
0.939000	0.457124
0.940000	0.454206
0.941000	0.451255
0.942000	0.448273
0.943000	0.445257
0.944000	0.442206
0.945000	0.439121
0.946000	0.435999
0.947000	0.432841
0.948000	0.429644
0.949000	0.426407
0.950000	0.423129
0.951000	0.419810
0.952000	0.416447
0.953000	0.413039
0.954000	0.409585
0.955000	0.406083
0.956000	0.402532
0.957000	0.398928
0.958000	0.395272
0.959000	0.391560
0.960000	0.387791
0.961000	0.383962
0.962000	0.380071
0.963000	0.376115
0.964000	0.372091
0.965000	0.367996
0.966000	0.363828
0.967000	0.359583
0.968000	0.355256
0.969000	0.350844
0.970000	0.346343
0.971000	0.341747
0.972000	0.337052
0.973000	0.332252
0.974000	0.327340
0.975000	0.322310
0.976000	0.317154
0.977000	0.311864
0.978000	0.306430
0.979000	0.300841
0.980000	0.295087
0.981000	0.289152
0.982000	0.283023
0.983000	0.276681
0.984000	0.270107
0.985000	0.263276
0.986000	0.256162
0.987000	0.248730
0.988000	0.240941
0.989000	0.232746
0.990000	0.224085
0.991000	0.214880
0.992000	0.205033
0.993000	0.194408
0.994000	0.182819
0.995000	0.169995
0.996000	0.155510
0.997000	0.138634
0.998000	0.117902
0.999000	0.089371
1.000000	0.000000
1.001000	0.000000
1.002000	0.000000
1.003000	0.000000
1.004000	0.000000
1.005000	0.000000
1.006000	0.000000
1.007000	0.000000
1.008000	0.000000
1.009000	0.000000
1.010000	0.000000
1.011000	0.000000
1.012000	0.000000
1.013000	0.000000
1.014000	0.000000
1.015000	0.000000
1.016000	0.000000
1.017000	0.000000
1.018000	0.000000
1.019000	0.000000
1.020000	0.000000
1.021000	0.000000
1.022000	0.000000
1.023000	0.000000
1.024000	0.000000
1.025000	0.000000
1.026000	0.000000
1.027000	0.000000
1.028000	0.000000
1.029000	0.000000
1.030000	0.000000
1.031000	0.000000
1.032000	0.000000
1.033000	0.000000
1.034000	0.000000
1.035000	0.000000
1.036000	0.000000
1.037000	0.000000
1.038000	0.000000
1.039000	0.000000
1.040000	0.000000
1.041000	0.000000
1.042000	0.000000
1.043000	0.000000
1.044000	0.000000
1.045000	0.000000
1.046000	0.000000
1.047000	0.000000
1.048000	0.000000
1.049000	0.000000
1.050000	0.000000
1.051000	0.000000
1.052000	0.000000
1.053000	0.000000
1.054000	0.000000
1.055000	0.000000
1.056000	0.000000
1.057000	0.000000
1.058000	0.000000
1.059000	0.000000
1.060000	0.000000
1.061000	0.000000
1.062000	0.000000
1.063000	0.000000
1.064000	0.000000
1.065000	0.000000
1.066000	0.000000
1.067000	0.000000
1.068000	0.000000
1.069000	0.000000
1.070000	0.000000
1.071000	0.000000
1.072000	0.000000
1.073000	0.000000
1.074000	0.000000
1.075000	0.000000
1.076000	0.000000
1.077000	0.000000
1.078000	0.000000
1.079000	0.000000
1.080000	0.000000
1.081000	0.000000
1.082000	0.000000
1.083000	0.000000
1.084000	0.000000
1.085000	0.000000
1.086000	0.000000
1.087000	0.000000
1.088000	0.000000
1.089000	0.000000
1.090000	0.000000
1.091000	0.000000
1.092000	0.000000
1.093000	0.000000
1.094000	0.000000
1.095000	0.000000
1.096000	0.000000
1.097000	0.000000
1.098000	0.000000
1.099000	0.000000
1.100000	0.000000
1.101000	0.000000
1.102000	0.000000
1.103000	0.000000
1.104000	0.000000
1.105000	0.000000
1.106000	0.000000
1.107000	0.000000
1.108000	0.000000
1.109000	0.000000
1.110000	0.000000
1.111000	0.000000
1.112000	0.000000
1.113000	0.000000
1.114000	0.000000
1.115000	0.000000
1.116000	0.000000
1.117000	0.000000
1.118000	0.000000
1.119000	0.000000
1.120000	0.000000
1.121000	0.000000
1.122000	0.000000
1.123000	0.000000
1.124000	0.000000
1.125000	0.000000
1.126000	0.000000
1.127000	0.000000
1.128000	0.000000
1.129000	0.000000
1.130000	0.000000
1.131000	0.000000
1.132000	0.000000
1.133000	0.000000
1.134000	0.000000
1.135000	0.000000
1.136000	0.000000
1.137000	0.000000
1.138000	0.000000
1.139000	0.000000
1.140000	0.000000
1.141000	0.000000
1.142000	0.000000
1.143000	0.000000
1.144000	0.000000
1.145000	0.000000
1.146000	0.000000
1.147000	0.000000
1.148000	0.000000
1.149000	0.000000
1.150000	0.000000
1.151000	0.000000
1.152000	0.000000
1.153000	0.000000
1.154000	0.000000
1.155000	0.000000
1.156000	0.000000
1.157000	0.000000
1.158000	0.000000
1.159000	0.000000
1.160000	0.000000
1.161000	0.000000
1.162000	0.000000
1.163000	0.000000
1.164000	0.000000
1.165000	0.000000
1.166000	0.000000
1.167000	0.000000
1.168000	0.000000
1.169000	0.000000
1.170000	0.000000
1.171000	0.000000
1.172000	0.000000
1.173000	0.000000
1.174000	0.000000
1.175000	0.000000
1.176000	0.000000
1.177000	0.000000
1.178000	0.000000
1.179000	0.000000
1.180000	0.000000
1.181000	0.000000
1.182000	0.000000
1.183000	0.000000
1.184000	0.000000
1.185000	0.000000
1.186000	0.000000
1.187000	0.000000
1.188000	0.000000
1.189000	0.000000
1.190000	0.000000
1.191000	0.000000
1.192000	0.000000
1.193000	0.000000
1.194000	0.000000
1.195000	0.000000
1.196000	0.000000
1.197000	0.000000
1.198000	0.000000
1.199000	0.000000
1.200000	0.000000
1.201000	0.000000
1.202000	0.000000
1.203000	0.000000
1.204000	0.000000
1.205000	0.000000
1.206000	0.000000
1.207000	0.000000
1.208000	0.000000
1.209000	0.000000
1.210000	0.000000
1.211000	0.000000
1.212000	0.000000
1.213000	0.000000
1.214000	0.000000
1.215000	0.000000
1.216000	0.000000
1.217000	0.000000
1.218000	0.000000
1.219000	0.000000
1.220000	0.000000
1.221000	0.000000
1.222000	0.000000
1.223000	0.000000
1.224000	0.000000
1.225000	0.000000
1.226000	0.000000
1.227000	0.000000
1.228000	0.000000
1.229000	0.000000
1.230000	0.000000
1.231000	0.000000
1.232000	0.000000
1.233000	0.000000
1.234000	0.000000
1.235000	0.000000
1.236000	0.000000
1.237000	0.000000
1.238000	0.000000
1.239000	0.000000
1.240000	0.000000
1.241000	0.000000
1.242000	0.000000
1.243000	0.000000
1.244000	0.000000
1.245000	0.000000
1.246000	0.000000
1.247000	0.000000
1.248000	0.000000
1.249000	0.000000
1.250000	0.000000
1.251000	0.000000
1.252000	0.000000
1.253000	0.000000
1.254000	0.000000
1.255000	0.000000
1.256000	0.000000
1.257000	0.000000
1.258000	0.000000
1.259000	0.000000
1.260000	0.000000
1.261000	0.000000
1.262000	0.000000
1.263000	0.000000
1.264000	0.000000
1.265000	0.000000
1.266000	0.000000
1.267000	0.000000
1.268000	0.000000
1.269000	0.000000
1.270000	0.000000
1.271000	0.000000
1.272000	0.000000
1.273000	0.000000
1.274000	0.000000
1.275000	0.000000
1.276000	0.000000
1.277000	0.000000
1.278000	0.000000
1.279000	0.000000
1.280000	0.000000
1.281000	0.000000
1.282000	0.000000
1.283000	0.000000
1.284000	0.000000
1.285000	0.000000
1.286000	0.000000
1.287000	0.000000
1.288000	0.000000
1.289000	0.000000
1.290000	0.000000
1.291000	0.000000
1.292000	0.000000
1.293000	0.000000
1.294000	0.000000
1.295000	0.000000
1.296000	0.000000
1.297000	0.000000
1.298000	0.000000
1.299000	0.000000
1.300000	0.000000
1.301000	0.000000
1.302000	0.000000
1.303000	0.000000
1.304000	0.000000
1.305000	0.000000
1.306000	0.000000
1.307000	0.000000
1.308000	0.000000
1.309000	0.000000
1.310000	0.000000
1.311000	0.000000
1.312000	0.000000
1.313000	0.000000
1.314000	0.000000
1.315000	0.000000
1.316000	0.000000
1.317000	0.000000
1.318000	0.000000
1.319000	0.000000
1.320000	0.000000
1.321000	0.000000
1.322000	0.000000
1.323000	0.000000
1.324000	0.000000
1.325000	0.000000
1.326000	0.000000
1.327000	0.000000
1.328000	0.000000
1.329000	0.000000
1.330000	0.000000
1.331000	0.000000
1.332000	0.000000
1.333000	0.000000
1.334000	0.000000
1.335000	0.000000
1.336000	0.000000
1.337000	0.000000
1.338000	0.000000
1.339000	0.000000
1.340000	0.000000
1.341000	0.000000
1.342000	0.000000
1.343000	0.000000
1.344000	0.000000
1.345000	0.000000
1.346000	0.000000
1.347000	0.000000
1.348000	0.000000
1.349000	0.000000
1.350000	0.000000
1.351000	0.000000
1.352000	0.000000
1.353000	0.000000
1.354000	0.000000
1.355000	0.000000
1.356000	0.000000
1.357000	0.000000
1.358000	0.000000
1.359000	0.000000
1.360000	0.000000
1.361000	0.000000
1.362000	0.000000
1.363000	0.000000
1.364000	0.000000
1.365000	0.000000
1.366000	0.000000
1.367000	0.000000
1.368000	0.000000
1.369000	0.000000
1.370000	0.000000
1.371000	0.000000
1.372000	0.000000
1.373000	0.000000
1.374000	0.000000
1.375000	0.000000
1.376000	0.000000
1.377000	0.000000
1.378000	0.000000
1.379000	0.000000
1.380000	0.000000
1.381000	0.000000
1.382000	0.000000
1.383000	0.000000
1.384000	0.000000
1.385000	0.000000
1.386000	0.000000
1.387000	0.000000
1.388000	0.000000
1.389000	0.000000
1.390000	0.000000
1.391000	0.000000
1.392000	0.000000
1.393000	0.000000
1.394000	0.000000
1.395000	0.000000
1.396000	0.000000
1.397000	0.000000
1.398000	0.000000
1.399000	0.000000
1.400000	0.000000
1.401000	0.000000
1.402000	0.000000
1.403000	0.000000
1.404000	0.000000
1.405000	0.000000
1.406000	0.000000
1.407000	0.000000
1.408000	0.000000
1.409000	0.000000
1.410000	0.000000
1.411000	0.000000
1.412000	0.000000
1.413000	0.000000
1.414000	0.000000
1.415000	0.000000
1.416000	0.000000
1.417000	0.000000
1.418000	0.000000
1.419000	0.000000
1.420000	0.000000
1.421000	0.000000
1.422000	0.000000
1.423000	0.000000
1.424000	0.000000
1.425000	0.000000
1.426000	0.000000
1.427000	0.000000
1.428000	0.000000
1.429000	0.000000
1.430000	0.000000
1.431000	0.000000
1.432000	0.000000
1.433000	0.000000
1.434000	0.000000
1.435000	0.000000
1.436000	0.000000
1.437000	0.000000
1.438000	0.000000
1.439000	0.000000
1.440000	0.000000
1.441000	0.000000
1.442000	0.000000
1.443000	0.000000
1.444000	0.000000
1.445000	0.000000
1.446000	0.000000
1.447000	0.000000
1.448000	0.000000
1.449000	0.000000
1.450000	0.000000
1.451000	0.000000
1.452000	0.000000
1.453000	0.000000
1.454000	0.000000
1.455000	0.000000
1.456000	0.000000
1.457000	0.000000
1.458000	0.000000
1.459000	0.000000
1.460000	0.000000
1.461000	0.000000
1.462000	0.000000
1.463000	0.000000
1.464000	0.000000
1.465000	0.000000
1.466000	0.000000
1.467000	0.000000
1.468000	0.000000
1.469000	0.000000
1.470000	0.000000
1.471000	0.000000
1.472000	0.000000
1.473000	0.000000
1.474000	0.000000
1.475000	0.000000
1.476000	0.000000
1.477000	0.000000
1.478000	0.000000
1.479000	0.000000
1.480000	0.000000
1.481000	0.000000
1.482000	0.000000
1.483000	0.000000
1.484000	0.000000
1.485000	0.000000
1.486000	0.000000
1.487000	0.000000
1.488000	0.000000
1.489000	0.000000
1.490000	0.000000
1.491000	0.000000
1.492000	0.000000
1.493000	0.000000
1.494000	0.000000
1.495000	0.000000
1.496000	0.000000
1.497000	0.000000
1.498000	0.000000
1.499000	0.000000
1.500000	0.000000
1.501000	0.000000
1.502000	0.000000
1.503000	0.000000
1.504000	0.000000
1.505000	0.000000
1.506000	0.000000
1.507000	0.000000
1.508000	0.000000
1.509000	0.000000
1.510000	0.000000
1.511000	0.000000
1.512000	0.000000
1.513000	0.000000
1.514000	0.000000
1.515000	0.000000
1.516000	0.000000
1.517000	0.000000
1.518000	0.000000
1.519000	0.000000
1.520000	0.000000
1.521000	0.000000
1.522000	0.000000
1.523000	0.000000
1.524000	0.000000
1.525000	0.000000
1.526000	0.000000
1.527000	0.000000
1.528000	0.000000
1.529000	0.000000
1.530000	0.000000
1.531000	0.000000
1.532000	0.000000
1.533000	0.000000
1.534000	0.000000
1.535000	0.000000
1.536000	0.000000
1.537000	0.000000
1.538000	0.000000
1.539000	0.000000
1.540000	0.000000
1.541000	0.000000
1.542000	0.000000
1.543000	0.000000
1.544000	0.000000
1.545000	0.000000
1.546000	0.000000
1.547000	0.000000
1.548000	0.000000
1.549000	0.000000
1.550000	0.000000
1.551000	0.000000
1.552000	0.000000
1.553000	0.000000
1.554000	0.000000
1.555000	0.000000
1.556000	0.000000
1.557000	0.000000
1.558000	0.000000
1.559000	0.000000
1.560000	0.000000
1.561000	0.000000
1.562000	0.000000
1.563000	0.000000
1.564000	0.000000
1.565000	0.000000
1.566000	0.000000
1.567000	0.000000
1.568000	0.000000
1.569000	0.000000
1.570000	0.000000
1.571000	0.000000
1.572000	0.000000
1.573000	0.000000
1.574000	0.000000
1.575000	0.000000
1.576000	0.000000
1.577000	0.000000
1.578000	0.000000
1.579000	0.000000
1.580000	0.000000
1.581000	0.000000
1.582000	0.000000
1.583000	0.000000
1.584000	0.000000
1.585000	0.000000
1.586000	0.000000
1.587000	0.000000
1.588000	0.000000
1.589000	0.000000
1.590000	0.000000
1.591000	0.000000
1.592000	0.000000
1.593000	0.000000
1.594000	0.000000
1.595000	0.000000
1.596000	0.000000
1.597000	0.000000
1.598000	0.000000
1.599000	0.000000
1.600000	0.000000
1.601000	0.000000
1.602000	0.000000
1.603000	0.000000
1.604000	0.000000
1.605000	0.000000
1.606000	0.000000
1.607000	0.000000
1.608000	0.000000
1.609000	0.000000
1.610000	0.000000
1.611000	0.000000
1.612000	0.000000
1.613000	0.000000
1.614000	0.000000
1.615000	0.000000
1.616000	0.000000
1.617000	0.000000
1.618000	0.000000
1.619000	0.000000
1.620000	0.000000
1.621000	0.000000
1.622000	0.000000
1.623000	0.000000
1.624000	0.000000
1.625000	0.000000
1.626000	0.000000
1.627000	0.000000
1.628000	0.000000
1.629000	0.000000
1.630000	0.000000
1.631000	0.000000
1.632000	0.000000
1.633000	0.000000
1.634000	0.000000
1.635000	0.000000
1.636000	0.000000
1.637000	0.000000
1.638000	0.000000
1.639000	0.000000
1.640000	0.000000
1.641000	0.000000
1.642000	0.000000
1.643000	0.000000
1.644000	0.000000
1.645000	0.000000
1.646000	0.000000
1.647000	0.000000
1.648000	0.000000
1.649000	0.000000
1.650000	0.000000
1.651000	0.000000
1.652000	0.000000
1.653000	0.000000
1.654000	0.000000
1.655000	0.000000
1.656000	0.000000
1.657000	0.000000
1.658000	0.000000
1.659000	0.000000
1.660000	0.000000
1.661000	0.000000
1.662000	0.000000
1.663000	0.000000
1.664000	0.000000
1.665000	0.000000
1.666000	0.000000
1.667000	0.000000
1.668000	0.000000
1.669000	0.000000
1.670000	0.000000
1.671000	0.000000
1.672000	0.000000
1.673000	0.000000
1.674000	0.000000
1.675000	0.000000
1.676000	0.000000
1.677000	0.000000
1.678000	0.000000
1.679000	0.000000
1.680000	0.000000
1.681000	0.000000
1.682000	0.000000
1.683000	0.000000
1.684000	0.000000
1.685000	0.000000
1.686000	0.000000
1.687000	0.000000
1.688000	0.000000
1.689000	0.000000
1.690000	0.000000
1.691000	0.000000
1.692000	0.000000
1.693000	0.000000
1.694000	0.000000
1.695000	0.000000
1.696000	0.000000
1.697000	0.000000
1.698000	0.000000
1.699000	0.000000
1.700000	0.000000
1.701000	0.000000
1.702000	0.000000
1.703000	0.000000
1.704000	0.000000
1.705000	0.000000
1.706000	0.000000
1.707000	0.000000
1.708000	0.000000
1.709000	0.000000
1.710000	0.000000
1.711000	0.000000
1.712000	0.000000
1.713000	0.000000
1.714000	0.000000
1.715000	0.000000
1.716000	0.000000
1.717000	0.000000
1.718000	0.000000
1.719000	0.000000
1.720000	0.000000
1.721000	0.000000
1.722000	0.000000
1.723000	0.000000
1.724000	0.000000
1.725000	0.000000
1.726000	0.000000
1.727000	0.000000
1.728000	0.000000
1.729000	0.000000
1.730000	0.000000
1.731000	0.000000
1.732000	0.000000
1.733000	0.000000
1.734000	0.000000
1.735000	0.000000
1.736000	0.000000
1.737000	0.000000
1.738000	0.000000
1.739000	0.000000
1.740000	0.000000
1.741000	0.000000
1.742000	0.000000
1.743000	0.000000
1.744000	0.000000
1.745000	0.000000
1.746000	0.000000
1.747000	0.000000
1.748000	0.000000
1.749000	0.000000
1.750000	0.000000
1.751000	0.000000
1.752000	0.000000
1.753000	0.000000
1.754000	0.000000
1.755000	0.000000
1.756000	0.000000
1.757000	0.000000
1.758000	0.000000
1.759000	0.000000
1.760000	0.000000
1.761000	0.000000
1.762000	0.000000
1.763000	0.000000
1.764000	0.000000
1.765000	0.000000
1.766000	0.000000
1.767000	0.000000
1.768000	0.000000
1.769000	0.000000
1.770000	0.000000
1.771000	0.000000
1.772000	0.000000
1.773000	0.000000
1.774000	0.000000
1.775000	0.000000
1.776000	0.000000
1.777000	0.000000
1.778000	0.000000
1.779000	0.000000
1.780000	0.000000
1.781000	0.000000
1.782000	0.000000
1.783000	0.000000
1.784000	0.000000
1.785000	0.000000
1.786000	0.000000
1.787000	0.000000
1.788000	0.000000
1.789000	0.000000
1.790000	0.000000
1.791000	0.000000
1.792000	0.000000
1.793000	0.000000
1.794000	0.000000
1.795000	0.000000
1.796000	0.000000
1.797000	0.000000
1.798000	0.000000
1.799000	0.000000
1.800000	0.000000
1.801000	0.000000
1.802000	0.000000
1.803000	0.000000
1.804000	0.000000
1.805000	0.000000
1.806000	0.000000
1.807000	0.000000
1.808000	0.000000
1.809000	0.000000
1.810000	0.000000
1.811000	0.000000
1.812000	0.000000
1.813000	0.000000
1.814000	0.000000
1.815000	0.000000
1.816000	0.000000
1.817000	0.000000
1.818000	0.000000
1.819000	0.000000
1.820000	0.000000
1.821000	0.000000
1.822000	0.000000
1.823000	0.000000
1.824000	0.000000
1.825000	0.000000
1.826000	0.000000
1.827000	0.000000
1.828000	0.000000
1.829000	0.000000
1.830000	0.000000
1.831000	0.000000
1.832000	0.000000
1.833000	0.000000
1.834000	0.000000
1.835000	0.000000
1.836000	0.000000
1.837000	0.000000
1.838000	0.000000
1.839000	0.000000
1.840000	0.000000
1.841000	0.000000
1.842000	0.000000
1.843000	0.000000
1.844000	0.000000
1.845000	0.000000
1.846000	0.000000
1.847000	0.000000
1.848000	0.000000
1.849000	0.000000
1.850000	0.000000
1.851000	0.000000
1.852000	0.000000
1.853000	0.000000
1.854000	0.000000
1.855000	0.000000
1.856000	0.000000
1.857000	0.000000
1.858000	0.000000
1.859000	0.000000
1.860000	0.000000
1.861000	0.000000
1.862000	0.000000
1.863000	0.000000
1.864000	0.000000
1.865000	0.000000
1.866000	0.000000
1.867000	0.000000
1.868000	0.000000
1.869000	0.000000
1.870000	0.000000
1.871000	0.000000
1.872000	0.000000
1.873000	0.000000
1.874000	0.000000
1.875000	0.000000
1.876000	0.000000
1.877000	0.000000
1.878000	0.000000
1.879000	0.000000
1.880000	0.000000
1.881000	0.000000
1.882000	0.000000
1.883000	0.000000
1.884000	0.000000
1.885000	0.000000
1.886000	0.000000
1.887000	0.000000
1.888000	0.000000
1.889000	0.000000
1.890000	0.000000
1.891000	0.000000
1.892000	0.000000
1.893000	0.000000
1.894000	0.000000
1.895000	0.000000
1.896000	0.000000
1.897000	0.000000
1.898000	0.000000
1.899000	0.000000
1.900000	0.000000
1.901000	0.000000
1.902000	0.000000
1.903000	0.000000
1.904000	0.000000
1.905000	0.000000
1.906000	0.000000
1.907000	0.000000
1.908000	0.000000
1.909000	0.000000
1.910000	0.000000
1.911000	0.000000
1.912000	0.000000
1.913000	0.000000
1.914000	0.000000
1.915000	0.000000
1.916000	0.000000
1.917000	0.000000
1.918000	0.000000
1.919000	0.000000
1.920000	0.000000
1.921000	0.000000
1.922000	0.000000
1.923000	0.000000
1.924000	0.000000
1.925000	0.000000
1.926000	0.000000
1.927000	0.000000
1.928000	0.000000
1.929000	0.000000
1.930000	0.000000
1.931000	0.000000
1.932000	0.000000
1.933000	0.000000
1.934000	0.000000
1.935000	0.000000
1.936000	0.000000
1.937000	0.000000
1.938000	0.000000
1.939000	0.000000
1.940000	0.000000
1.941000	0.000000
1.942000	0.000000
1.943000	0.000000
1.944000	0.000000
1.945000	0.000000
1.946000	0.000000
1.947000	0.000000
1.948000	0.000000
1.949000	0.000000
1.950000	0.000000
1.951000	0.000000
1.952000	0.000000
1.953000	0.000000
1.954000	0.000000
1.955000	0.000000
1.956000	0.000000
1.957000	0.000000
1.958000	0.000000
1.959000	0.000000
1.960000	0.000000
1.961000	0.000000
1.962000	0.000000
1.963000	0.000000
1.964000	0.000000
1.965000	0.000000
1.966000	0.000000
1.967000	0.000000
1.968000	0.000000
1.969000	0.000000
1.970000	0.000000
1.971000	0.000000
1.972000	0.000000
1.973000	0.000000
1.974000	0.000000
1.975000	0.000000
1.976000	0.000000
1.977000	0.000000
1.978000	0.000000
1.979000	0.000000
1.980000	0.000000
1.981000	0.000000
1.982000	0.000000
1.983000	0.000000
1.984000	0.000000
1.985000	0.000000
1.986000	0.000000
1.987000	0.000000
1.988000	0.000000
1.989000	0.000000
1.990000	0.000000
1.991000	0.000000
1.992000	0.000000
1.993000	0.000000
1.994000	0.000000
1.995000	0.000000
1.996000	0.000000
1.997000	0.000000
1.998000	0.000000
1.999000	0.000000
2.000000	0.000000
