-2.000000	0.000000
-1.999000	0.000000
-1.998000	0.000000
-1.997000	0.000000
-1.996000	0.000000
-1.995000	0.000000
-1.994000	0.000000
-1.993000	0.000000
-1.992000	0.000000
-1.991000	0.000000
-1.990000	0.000000
-1.989000	0.000000
-1.988000	0.000000
-1.987000	0.000000
-1.986000	0.000000
-1.985000	0.000000
-1.984000	0.000000
-1.983000	0.000000
-1.982000	0.000000
-1.981000	0.000000
-1.980000	0.000000
-1.979000	0.000000
-1.978000	0.000000
-1.977000	0.000000
-1.976000	0.000000
-1.975000	0.000000
-1.974000	0.000000
-1.973000	0.000000
-1.972000	0.000000
-1.971000	0.000000
-1.970000	0.000000
-1.969000	0.000000
-1.968000	0.000000
-1.967000	0.000000
-1.966000	0.000000
-1.965000	0.000000
-1.964000	0.000000
-1.963000	0.000000
-1.962000	0.000000
-1.961000	0.000000
-1.960000	0.000000
-1.959000	0.000000
-1.958000	0.000000
-1.957000	0.000000
-1.956000	0.000000
-1.955000	0.000000
-1.954000	0.000000
-1.953000	0.000000
-1.952000	0.000000
-1.951000	0.000000
-1.950000	0.000000
-1.949000	0.000000
-1.948000	0.000000
-1.947000	0.000000
-1.946000	0.000000
-1.945000	0.000000
-1.944000	0.000000
-1.943000	0.000000
-1.942000	0.000000
-1.941000	0.000000
-1.940000	0.000000
-1.939000	0.000000
-1.938000	0.000000
-1.937000	0.000000
-1.936000	0.000000
-1.935000	0.000000
-1.934000	0.000000
-1.933000	0.000000
-1.932000	0.000000
-1.931000	0.000000
-1.930000	0.000000
-1.929000	0.000000
-1.928000	0.000000
-1.927000	0.000000
-1.926000	0.000000
-1.925000	0.000000
-1.924000	0.000000
-1.923000	0.000000
-1.922000	0.000000
-1.921000	0.000000
-1.920000	0.000000
-1.919000	0.000000
-1.918000	0.000000
-1.917000	0.000000
-1.916000	0.000000
-1.915000	0.000000
-1.914000	0.000000
-1.913000	0.000000
-1.912000	0.000000
-1.911000	0.000000
-1.910000	0.000000
-1.909000	0.000000
-1.908000	0.000000
-1.907000	0.000000
-1.906000	0.000000
-1.905000	0.000000
-1.904000	0.000000
-1.903000	0.000000
-1.902000	0.000000
-1.901000	0.000000
-1.900000	0.000000
-1.899000	0.000000
-1.898000	0.000000
-1.897000	0.000000
-1.896000	0.000000
-1.895000	0.000000
-1.894000	0.000000
-1.893000	0.000000
-1.892000	0.000000
-1.891000	0.000000
-1.890000	0.000000
-1.889000	0.000000
-1.888000	0.000000
-1.887000	0.000000
-1.886000	0.000000
-1.885000	0.000000
-1.884000	0.000000
-1.883000	0.000000
-1.882000	0.000000
-1.881000	0.000000
-1.880000	0.000000
-1.879000	0.000000
-1.878000	0.000000
-1.877000	0.000000
-1.876000	0.000000
-1.875000	0.000000
-1.874000	0.000000
-1.873000	0.000000
-1.872000	0.000000
-1.871000	0.000000
-1.870000	0.000000
-1.869000	0.000000
-1.868000	0.000000
-1.867000	0.000000
-1.866000	0.000000
-1.865000	0.000000
-1.864000	0.000000
-1.863000	0.000000
-1.862000	0.000000
-1.861000	0.000000
-1.860000	0.000000
-1.859000	0.000000
-1.858000	0.000000
-1.857000	0.000000
-1.856000	0.000000
-1.855000	0.000000
-1.854000	0.000000
-1.853000	0.000000
-1.852000	0.000000
-1.851000	0.000000
-1.850000	0.000000
-1.849000	0.000000
-1.848000	0.000000
-1.847000	0.000000
-1.846000	0.000000
-1.845000	0.000000
-1.844000	0.000000
-1.843000	0.000000
-1.842000	0.000000
-1.841000	0.000000
-1.840000	0.000000
-1.839000	0.000000
-1.838000	0.000000
-1.837000	0.000000
-1.836000	0.000000
-1.835000	0.000000
-1.834000	0.000000
-1.833000	0.000000
-1.832000	0.000000
-1.831000	0.000000
-1.830000	0.000000
-1.829000	0.000000
-1.828000	0.000000
-1.827000	0.000000
-1.826000	0.000000
-1.825000	0.000000
-1.824000	0.000000
-1.823000	0.000000
-1.822000	0.000000
-1.821000	0.000000
-1.820000	0.000000
-1.819000	0.000000
-1.818000	0.000000
-1.817000	0.000000
-1.816000	0.000000
-1.815000	0.000000
-1.814000	0.000000
-1.813000	0.000000
-1.812000	0.000000
-1.811000	0.000000
-1.810000	0.000000
-1.809000	0.000000
-1.808000	0.000000
-1.807000	0.000000
-1.806000	0.000000
-1.805000	0.000000
-1.804000	0.000000
-1.803000	0.000000
-1.802000	0.000000
-1.801000	0.000000
-1.800000	0.000000
-1.799000	0.000000
-1.798000	0.000000
-1.797000	0.000000
-1.796000	0.000000
-1.795000	0.000000
-1.794000	0.000000
-1.793000	0.000000
-1.792000	0.000000
-1.791000	0.000000
-1.790000	0.000000
-1.789000	0.000000
-1.788000	0.000000
-1.787000	0.000000
-1.786000	0.000000
-1.785000	0.000000
-1.784000	0.000000
-1.783000	0.000000
-1.782000	0.000000
-1.781000	0.000000
-1.780000	0.000000
-1.779000	0.000000
-1.778000	0.000000
-1.777000	0.000000
-1.776000	0.000000
-1.775000	0.000000
-1.774000	0.000000
-1.773000	0.000000
-1.772000	0.000000
-1.771000	0.000000
-1.770000	0.000000
-1.769000	0.000000
-1.768000	0.000000
-1.767000	0.000000
-1.766000	0.000000
-1.765000	0.000000
-1.764000	0.000000
-1.763000	0.000000
-1.762000	0.000000
-1.761000	0.000000
-1.760000	0.000000
-1.759000	0.000000
-1.758000	0.000000
-1.757000	0.000000
-1.756000	0.000000
-1.755000	0.000000
-1.754000	0.000000
-1.753000	0.000000
-1.752000	0.000000
-1.751000	0.000000
-1.750000	0.000000
-1.749000	0.000000
-1.748000	0.000000
-1.747000	0.000000
-1.746000	0.000000
-1.745000	0.000000
-1.744000	0.000000
-1.743000	0.000000
-1.742000	0.000000
-1.741000	0.000000
-1.740000	0.000000
-1.739000	0.000000
-1.738000	0.000000
-1.737000	0.000000
-1.736000	0.000000
-1.735000	0.000000
-1.734000	0.000000
-1.733000	0.000000
-1.732000	0.000000
-1.731000	0.000000
-1.730000	0.000000
-1.729000	0.000000
-1.728000	0.000000
-1.727000	0.000000
-1.726000	0.000000
-1.725000	0.000000
-1.724000	0.000000
-1.723000	0.000000
-1.722000	0.000000
-1.721000	0.000000
-1.720000	0.000000
-1.719000	0.000000
-1.718000	0.000000
-1.717000	0.000000
-1.716000	0.000000
-1.715000	0.000000
-1.714000	0.000000
-1.713000	0.000000
-1.712000	0.000000
-1.711000	0.000000
-1.710000	0.000000
-1.709000	0.000000
-1.708000	0.000000
-1.707000	0.000000
-1.706000	0.000000
-1.705000	0.000000
-1.704000	0.000000
-1.703000	0.000000
-1.702000	0.000000
-1.701000	0.000000
-1.700000	0.000000
-1.699000	0.000000
-1.698000	0.000000
-1.697000	0.000000
-1.696000	0.000000
-1.695000	0.000000
-1.694000	0.000000
-1.693000	0.000000
-1.692000	0.000000
-1.691000	0.000000
-1.690000	0.000000
-1.689000	0.000000
-1.688000	0.000000
-1.687000	0.000000
-1.686000	0.000000
-1.685000	0.000000
-1.684000	0.000000
-1.683000	0.000000
-1.682000	0.000000
-1.681000	0.000000
-1.680000	0.000000
-1.679000	0.000000
-1.678000	0.000000
-1.677000	0.000000
-1.676000	0.000000
-1.675000	0.000000
-1.674000	0.000000
-1.673000	0.000000
-1.672000	0.000000
-1.671000	0.000000
-1.670000	0.000000
-1.669000	0.000000
-1.668000	0.000000
-1.667000	0.000000
-1.666000	0.000000
-1.665000	0.000000
-1.664000	0.000000
-1.663000	0.000000
-1.662000	0.000000
-1.661000	0.000000
-1.660000	0.000000
-1.659000	0.000000
-1.658000	0.000000
-1.657000	0.000000
-1.656000	0.000000
-1.655000	0.000000
-1.654000	0.000000
-1.653000	0.000000
-1.652000	0.000000
-1.651000	0.000000
-1.650000	0.000000
-1.649000	0.000000
-1.648000	0.000000
-1.647000	0.000000
-1.646000	0.000000
-1.645000	0.000000
-1.644000	0.000000
-1.643000	0.000000
-1.642000	0.000000
-1.641000	0.000000
-1.640000	0.000000
-1.639000	0.000000
-1.638000	0.000000
-1.637000	0.000000
-1.636000	0.000000
-1.635000	0.000000
-1.634000	0.000000
-1.633000	0.000000
-1.632000	0.000000
-1.631000	0.000000
-1.630000	0.000000
-1.629000	0.000000
-1.628000	0.000000
-1.627000	0.000000
-1.626000	0.000000
-1.625000	0.000000
-1.624000	0.000000
-1.623000	0.000000
-1.622000	0.000000
-1.621000	0.000000
-1.620000	0.000000
-1.619000	0.000000
-1.618000	0.000000
-1.617000	0.000000
-1.616000	0.000000
-1.615000	0.000000
-1.614000	0.000000
-1.613000	0.000000
-1.612000	0.000000
-1.611000	0.000000
-1.610000	0.000000
-1.609000	0.000000
-1.608000	0.000000
-1.607000	0.000000
-1.606000	0.000000
-1.605000	0.000000
-1.604000	0.000000
-1.603000	0.000000
-1.602000	0.000000
-1.601000	0.000000
-1.600000	0.000000
-1.599000	0.000000
-1.598000	0.000000
-1.597000	0.000000
-1.596000	0.000000
-1.595000	0.000000
-1.594000	0.000000
-1.593000	0.000000
-1.592000	0.000000
-1.591000	0.000000
-1.590000	0.000000
-1.589000	0.000000
-1.588000	0.000000
-1.587000	0.000000
-1.586000	0.000000
-1.585000	0.000000
-1.584000	0.000000
-1.583000	0.000000
-1.582000	0.000000
-1.581000	0.000000
-1.580000	0.000000
-1.579000	0.000000
-1.578000	0.000000
-1.577000	0.000000
-1.576000	0.000000
-1.575000	0.000000
-1.574000	0.000000
-1.573000	0.000000
-1.572000	0.000000
-1.571000	0.000000
-1.570000	0.000000
-1.569000	0.000000
-1.568000	0.000000
-1.567000	0.000000
-1.566000	0.000000
-1.565000	0.000000
-1.564000	0.000000
-1.563000	0.000000
-1.562000	0.000000
-1.561000	0.000000
-1.560000	0.000000
-1.559000	0.000000
-1.558000	0.000000
-1.557000	0.000000
-1.556000	0.000000
-1.555000	0.000000
-1.554000	0.000000
-1.553000	0.000000
-1.552000	0.000000
-1.551000	0.000000
-1.550000	0.000000
-1.549000	0.000000
-1.548000	0.000000
-1.547000	0.000000
-1.546000	0.000000
-1.545000	0.000000
-1.544000	0.000000
-1.543000	0.000000
-1.542000	0.000000
-1.541000	0.000000
-1.540000	0.000000
-1.539000	0.000000
-1.538000	0.000000
-1.537000	0.000000
-1.536000	0.000000
-1.535000	0.000000
-1.534000	0.000000
-1.533000	0.000000
-1.532000	0.000000
-1.531000	0.000000
-1.530000	0.000000
-1.529000	0.000000
-1.528000	0.000000
-1.527000	0.000000
-1.526000	0.000000
-1.525000	0.000000
-1.524000	0.000000
-1.523000	0.000000
-1.522000	0.000000
-1.521000	0.000000
-1.520000	0.000000
-1.519000	0.000000
-1.518000	0.000000
-1.517000	0.000000
-1.516000	0.000000
-1.515000	0.000000
-1.514000	0.000000
-1.513000	0.000000
-1.512000	0.000000
-1.511000	0.000000
-1.510000	0.000000
-1.509000	0.000000
-1.508000	0.000000
-1.507000	0.000000
-1.506000	0.000000
-1.505000	0.000000
-1.504000	0.000000
-1.503000	0.000000
-1.502000	0.000000
-1.501000	0.000000
-1.500000	0.000000
-1.499000	0.000000
-1.498000	0.000000
-1.497000	0.000000
-1.496000	0.000000
-1.495000	0.000000
-1.494000	0.000000
-1.493000	0.000000
-1.492000	0.000000
-1.491000	0.000000
-1.490000	0.000000
-1.489000	0.000000
-1.488000	0.000000
-1.487000	0.000000
-1.486000	0.000000
-1.485000	0.000000
-1.484000	0.000000
-1.483000	0.000000
-1.482000	0.000000
-1.481000	0.000000
-1.480000	0.000000
-1.479000	0.000000
-1.478000	0.000000
-1.477000	0.000000
-1.476000	0.000000
-1.475000	0.000000
-1.474000	0.000000
-1.473000	0.000000
-1.472000	0.000000
-1.471000	0.000000
-1.470000	0.000000
-1.469000	0.000000
-1.468000	0.000000
-1.467000	0.000000
-1.466000	0.000000
-1.465000	0.000000
-1.464000	0.000000
-1.463000	0.000000
-1.462000	0.000000
-1.461000	0.000000
-1.460000	0.000000
-1.459000	0.000000
-1.458000	0.000000
-1.457000	0.000000
-1.456000	0.000000
-1.455000	0.000000
-1.454000	0.000000
-1.453000	0.000000
-1.452000	0.000000
-1.451000	0.000000
-1.450000	0.000000
-1.449000	0.000000
-1.448000	0.000000
-1.447000	0.000000
-1.446000	0.000000
-1.445000	0.000000
-1.444000	0.000000
-1.443000	0.000000
-1.442000	0.000000
-1.441000	0.000000
-1.440000	0.000000
-1.439000	0.000000
-1.438000	0.000000
-1.437000	0.000000
-1.436000	0.000000
-1.435000	0.000000
-1.434000	0.000000
-1.433000	0.000000
-1.432000	0.000000
-1.431000	0.000000
-1.430000	0.000000
-1.429000	0.000000
-1.428000	0.000000
-1.427000	0.000000
-1.426000	0.000000
-1.425000	0.000000
-1.424000	0.000000
-1.423000	0.000000
-1.422000	0.000000
-1.421000	0.000000
-1.420000	0.000000
-1.419000	0.000000
-1.418000	0.000000
-1.417000	0.000000
-1.416000	0.000000
-1.415000	0.000000
-1.414000	0.000000
-1.413000	0.000000
-1.412000	0.000000
-1.411000	0.000000
-1.410000	0.000000
-1.409000	0.000000
-1.408000	0.000000
-1.407000	0.000000
-1.406000	0.000000
-1.405000	0.000000
-1.404000	0.000000
-1.403000	0.000000
-1.402000	0.000000
-1.401000	0.000000
-1.400000	0.000000
-1.399000	0.000000
-1.398000	0.000000
-1.397000	0.000000
-1.396000	0.000000
-1.395000	0.000000
-1.394000	0.000000
-1.393000	0.000000
-1.392000	0.000000
-1.391000	0.000000
-1.390000	0.000000
-1.389000	0.000000
-1.388000	0.000000
-1.387000	0.000000
-1.386000	0.000000
-1.385000	0.000000
-1.384000	0.000000
-1.383000	0.000000
-1.382000	0.000000
-1.381000	0.000000
-1.380000	0.000000
-1.379000	0.000000
-1.378000	0.000000
-1.377000	0.000000
-1.376000	0.000000
-1.375000	0.000000
-1.374000	0.000000
-1.373000	0.000000
-1.372000	0.000000
-1.371000	0.000000
-1.370000	0.000000
-1.369000	0.000000
-1.368000	0.000000
-1.367000	0.000000
-1.366000	0.000000
-1.365000	0.000000
-1.364000	0.000000
-1.363000	0.000000
-1.362000	0.000000
-1.361000	0.000000
-1.360000	0.000000
-1.359000	0.000000
-1.358000	0.000000
-1.357000	0.000000
-1.356000	0.000000
-1.355000	0.000000
-1.354000	0.000000
-1.353000	0.000000
-1.352000	0.000000
-1.351000	0.000000
-1.350000	0.000000
-1.349000	0.000000
-1.348000	0.000000
-1.347000	0.000000
-1.346000	0.000000
-1.345000	0.000000
-1.344000	0.000000
-1.343000	0.000000
-1.342000	0.000000
-1.341000	0.000000
-1.340000	0.000000
-1.339000	0.000000
-1.338000	0.000000
-1.337000	0.000000
-1.336000	0.000000
-1.335000	0.000000
-1.334000	0.000000
-1.333000	0.000000
-1.332000	0.000000
-1.331000	0.000000
-1.330000	0.000000
-1.329000	0.000000
-1.328000	0.000000
-1.327000	0.000000
-1.326000	0.000000
-1.325000	0.000000
-1.324000	0.000000
-1.323000	0.000000
-1.322000	0.000000
-1.321000	0.000000
-1.320000	0.000000
-1.319000	0.000000
-1.318000	0.000000
-1.317000	0.000000
-1.316000	0.000000
-1.315000	0.000000
-1.314000	0.000000
-1.313000	0.000000
-1.312000	0.000000
-1.311000	0.000000
-1.310000	0.000000
-1.309000	0.000000
-1.308000	0.000000
-1.307000	0.000000
-1.306000	0.000000
-1.305000	0.000000
-1.304000	0.000000
-1.303000	0.000000
-1.302000	0.000000
-1.301000	0.000000
-1.300000	0.000000
-1.299000	0.000000
-1.298000	0.000000
-1.297000	0.000000
-1.296000	0.000000
-1.295000	0.000000
-1.294000	0.000000
-1.293000	0.000000
-1.292000	0.000000
-1.291000	0.000000
-1.290000	0.000000
-1.289000	0.000000
-1.288000	0.000000
-1.287000	0.000000
-1.286000	0.000000
-1.285000	0.000000
-1.284000	0.000000
-1.283000	0.000000
-1.282000	0.000000
-1.281000	0.000000
-1.280000	0.000000
-1.279000	0.000000
-1.278000	0.000000
-1.277000	0.000000
-1.276000	0.000000
-1.275000	0.000000
-1.274000	0.000000
-1.273000	0.000000
-1.272000	0.000000
-1.271000	0.000000
-1.270000	0.000000
-1.269000	0.000000
-1.268000	0.000000
-1.267000	0.000000
-1.266000	0.000000
-1.265000	0.000000
-1.264000	0.000000
-1.263000	0.000000
-1.262000	0.000000
-1.261000	0.000000
-1.260000	0.000000
-1.259000	0.000000
-1.258000	0.000000
-1.257000	0.000000
-1.256000	0.000000
-1.255000	0.000000
-1.254000	0.000000
-1.253000	0.000000
-1.252000	0.000000
-1.251000	0.000000
-1.250000	0.000000
-1.249000	0.000000
-1.248000	0.000000
-1.247000	0.000000
-1.246000	0.000000
-1.245000	0.000000
-1.244000	0.000000
-1.243000	0.000000
-1.242000	0.000000
-1.241000	0.000000
-1.240000	0.000000
-1.239000	0.000000
-1.238000	0.000000
-1.237000	0.000000
-1.236000	0.000000
-1.235000	0.000000
-1.234000	0.000000
-1.233000	0.000000
-1.232000	0.000000
-1.231000	0.000000
-1.230000	0.000000
-1.229000	0.000000
-1.228000	0.000000
-1.227000	0.000000
-1.226000	0.000000
-1.225000	0.000000
-1.224000	0.000000
-1.223000	0.000000
-1.222000	0.000000
-1.221000	0.000000
-1.220000	0.000000
-1.219000	0.000000
-1.218000	0.000000
-1.217000	0.000000
-1.216000	0.000000
-1.215000	0.000000
-1.214000	0.000000
-1.213000	0.000000
-1.212000	0.000000
-1.211000	0.000000
-1.210000	0.000000
-1.209000	0.000000
-1.208000	0.000000
-1.207000	0.000000
-1.206000	0.000000
-1.205000	0.000000
-1.204000	0.000000
-1.203000	0.000000
-1.202000	0.000000
-1.201000	0.000000
-1.200000	0.000000
-1.199000	0.000000
-1.198000	0.000000
-1.197000	0.000000
-1.196000	0.000000
-1.195000	0.000000
-1.194000	0.000000
-1.193000	0.000000
-1.192000	0.000000
-1.191000	0.000000
-1.190000	0.000000
-1.189000	0.000000
-1.188000	0.000000
-1.187000	0.000000
-1.186000	0.000000
-1.185000	0.000000
-1.184000	0.000000
-1.183000	0.000000
-1.182000	0.000000
-1.181000	0.000000
-1.180000	0.000000
-1.179000	0.000000
-1.178000	0.000000
-1.177000	0.000000
-1.176000	0.000000
-1.175000	0.000000
-1.174000	0.000000
-1.173000	0.000000
-1.172000	0.000000
-1.171000	0.000000
-1.170000	0.000000
-1.169000	0.000000
-1.168000	0.000000
-1.167000	0.000000
-1.166000	0.000000
-1.165000	0.000000
-1.164000	0.000000
-1.163000	0.000000
-1.162000	0.000000
-1.161000	0.000000
-1.160000	0.000000
-1.159000	0.000000
-1.158000	0.000000
-1.157000	0.000000
-1.156000	0.000000
-1.155000	0.000000
-1.154000	0.000000
-1.153000	0.000000
-1.152000	0.000000
-1.151000	0.000000
-1.150000	0.000000
-1.149000	0.000000
-1.148000	0.000000
-1.147000	0.000000
-1.146000	0.000000
-1.145000	0.000000
-1.144000	0.000000
-1.143000	0.000000
-1.142000	0.000000
-1.141000	0.000000
-1.140000	0.000000
-1.139000	0.000000
-1.138000	0.000000
-1.137000	0.000000
-1.136000	0.000000
-1.135000	0.000000
-1.134000	0.000000
-1.133000	0.000000
-1.132000	0.000000
-1.131000	0.000000
-1.130000	0.000000
-1.129000	0.000000
-1.128000	0.000000
-1.127000	0.000000
-1.126000	0.000000
-1.125000	0.000000
-1.124000	0.000000
-1.123000	0.000000
-1.122000	0.000000
-1.121000	0.000000
-1.120000	0.000000
-1.119000	0.000000
-1.118000	0.000000
-1.117000	0.000000
-1.116000	0.000000
-1.115000	0.000000
-1.114000	0.000000
-1.113000	0.000000
-1.112000	0.000000
-1.111000	0.000000
-1.110000	0.000000
-1.109000	0.000000
-1.108000	0.000000
-1.107000	0.000000
-1.106000	0.000000
-1.105000	0.000000
-1.104000	0.000000
-1.103000	0.000000
-1.102000	0.000000
-1.101000	0.000000
-1.100000	0.000000
-1.099000	0.000000
-1.098000	0.000000
-1.097000	0.000000
-1.096000	0.000000
-1.095000	0.000000
-1.094000	0.000000
-1.093000	0.000000
-1.092000	0.000000
-1.091000	0.000000
-1.090000	0.000000
-1.089000	0.000000
-1.088000	0.000000
-1.087000	0.000000
-1.086000	0.000000
-1.085000	0.000000
-1.084000	0.000000
-1.083000	0.000000
-1.082000	0.000000
-1.081000	0.000000
-1.080000	0.000000
-1.079000	0.000000
-1.078000	0.000000
-1.077000	0.000000
-1.076000	0.000000
-1.075000	0.000000
-1.074000	0.000000
-1.073000	0.000000
-1.072000	0.000000
-1.071000	0.000000
-1.070000	0.000000
-1.069000	0.000000
-1.068000	0.000000
-1.067000	0.000000
-1.066000	0.000000
-1.065000	0.000000
-1.064000	0.000000
-1.063000	0.000000
-1.062000	0.000000
-1.061000	0.000000
-1.060000	0.000000
-1.059000	0.000000
-1.058000	0.000000
-1.057000	0.000000
-1.056000	0.000000
-1.055000	0.000000
-1.054000	0.000000
-1.053000	0.000000
-1.052000	0.000000
-1.051000	0.000000
-1.050000	0.000000
-1.049000	0.000000
-1.048000	0.000000
-1.047000	0.000000
-1.046000	0.000000
-1.045000	0.000000
-1.044000	0.000000
-1.043000	0.000000
-1.042000	0.000000
-1.041000	0.000000
-1.040000	0.000000
-1.039000	0.000000
-1.038000	0.000000
-1.037000	0.000000
-1.036000	0.000000
-1.035000	0.000000
-1.034000	0.000000
-1.033000	0.000000
-1.032000	0.000000
-1.031000	0.000000
-1.030000	0.000000
-1.029000	0.000000
-1.028000	0.000000
-1.027000	0.000000
-1.026000	0.000000
-1.025000	0.000000
-1.024000	0.000000
-1.023000	0.000000
-1.022000	0.000000
-1.021000	0.000000
-1.020000	0.000000
-1.019000	0.000000
-1.018000	0.000000
-1.017000	0.000000
-1.016000	0.000000
-1.015000	0.000000
-1.014000	0.000000
-1.013000	0.000000
-1.012000	0.000000
-1.011000	0.000000
-1.010000	0.000000
-1.009000	0.000000
-1.008000	0.000000
-1.007000	0.000000
-1.006000	0.000000
-1.005000	0.000000
-1.004000	0.000000
-1.003000	0.000000
-1.002000	0.000000
-1.001000	0.000000
-1.000000	0.000000
-0.999000	0.000166
-0.998000	0.000439
-0.997000	0.000774
-0.996000	0.001156
-0.995000	0.001579
-0.994000	0.002037
-0.993000	0.002526
-0.992000	0.003043
-0.991000	0.003586
-0.990000	0.004153
-0.989000	0.004743
-0.988000	0.005353
-0.987000	0.005984
-0.986000	0.006634
-0.985000	0.007301
-0.984000	0.007986
-0.983000	0.008687
-0.982000	0.009404
-0.981000	0.010137
-0.980000	0.010884
-0.979000	0.011645
-0.978000	0.012420
-0.977000	0.013208
-0.976000	0.014009
-0.975000	0.014822
-0.974000	0.015648
-0.973000	0.016485
-0.972000	0.017334
-0.971000	0.018194
-0.970000	0.019064
-0.969000	0.019946
-0.968000	0.020837
-0.967000	0.021739
-0.966000	0.022651
-0.965000	0.023572
-0.964000	0.024503
-0.963000	0.025443
-0.962000	0.026392
-0.961000	0.027350
-0.960000	0.028317
-0.959000	0.029292
-0.958000	0.030275
-0.957000	0.031267
-0.956000	0.032266
-0.955000	0.033274
-0.954000	0.034289
-0.953000	0.035312
-0.952000	0.036342
-0.951000	0.037380
-0.950000	0.038424
-0.949000	0.039476
-0.948000	0.040535
-0.947000	0.041600
-0.946000	0.042673
-0.945000	0.043752
-0.944000	0.044837
-0.943000	0.045929
-0.942000	0.047027
-0.941000	0.048131
-0.940000	0.049242
-0.939000	0.050358
-0.938000	0.051481
-0.937000	0.052609
-0.936000	0.053743
-0.935000	0.054882
-0.934000	0.056027
-0.933000	0.057178
-0.932000	0.058334
-0.931000	0.059495
-0.930000	0.060662
-0.929000	0.061834
-0.928000	0.063011
-0.927000	0.064193
-0.926000	0.065380
-0.925000	0.066572
-0.924000	0.067768
-0.923000	0.068970
-0.922000	0.070176
-0.921000	0.071387
-0.920000	0.072602
-0.919000	0.073822
-0.918000	0.075046
-0.917000	0.076275
-0.916000	0.077508
-0.915000	0.078745
-0.914000	0.079986
-0.913000	0.081232
-0.912000	0.082482
-0.911000	0.083736
-0.910000	0.084994
-0.909000	0.086255
-0.908000	0.087521
-0.907000	0.088791
-0.906000	0.090064
-0.905000	0.091341
-0.904000	0.092622
-0.903000	0.093906
-0.902000	0.095194
-0.901000	0.096486
-0.900000	0.097781
-0.899000	0.099080
-0.898000	0.100382
-0.897000	0.101687
-0.896000	0.102996
-0.895000	0.104308
-0.894000	0.105623
-0.893000	0.106942
-0.892000	0.108264
-0.891000	0.109589
-0.890000	0.110917
-0.889000	0.112248
-0.888000	0.113582
-0.887000	0.114919
-0.886000	0.116259
-0.885000	0.117602
-0.884000	0.118947
-0.883000	0.120296
-0.882000	0.121647
-0.881000	0.123001
-0.880000	0.124358
-0.879000	0.125718
-0.878000	0.127080
-0.877000	0.128445
-0.876000	0.129812
-0.875000	0.131182
-0.874000	0.132555
-0.873000	0.133930
-0.872000	0.135308
-0.871000	0.136688
-0.870000	0.138070
-0.869000	0.139455
-0.868000	0.140842
-0.867000	0.142231
-0.866000	0.143623
-0.865000	0.145017
-0.864000	0.146413
-0.863000	0.147811
-0.862000	0.149211
-0.861000	0.150614
-0.860000	0.152019
-0.859000	0.153426
-0.858000	0.154834
-0.857000	0.156245
-0.856000	0.157658
-0.855000	0.159073
-0.854000	0.160490
-0.853000	0.161909
-0.852000	0.163329
-0.851000	0.164752
-0.850000	0.166176
-0.849000	0.167602
-0.848000	0.169030
-0.847000	0.170460
-0.846000	0.171891
-0.845000	0.173324
-0.844000	0.174759
-0.843000	0.176196
-0.842000	0.177634
-0.841000	0.179073
-0.840000	0.180515
-0.839000	0.181958
-0.838000	0.183402
-0.837000	0.184848
-0.836000	0.186296
-0.835000	0.187745
-0.834000	0.189195
-0.833000	0.190647
-0.832000	0.192101
-0.831000	0.193555
-0.830000	0.195011
-0.829000	0.196469
-0.828000	0.197928
-0.827000	0.199388
-0.826000	0.200849
-0.825000	0.202312
-0.824000	0.203776
-0.823000	0.205241
-0.822000	0.206707
-0.821000	0.208175
-0.820000	0.209644
-0.819000	0.211113
-0.818000	0.212584
-0.817000	0.214057
-0.816000	0.215530
-0.815000	0.217004
-0.814000	0.218479
-0.813000	0.219956
-0.812000	0.221433
-0.811000	0.222911
-0.810000	0.224391
-0.809000	0.225871
-0.808000	0.227352
-0.807000	0.228835
-0.806000	0.230318
-0.805000	0.231802
-0.804000	0.233287
-0.803000	0.234772
-0.802000	0.236259
-0.801000	0.237746
-0.800000	0.239234
-0.799000	0.240723
-0.798000	0.242213
-0.797000	0.243703
-0.796000	0.245195
-0.795000	0.246687
-0.794000	0.248179
-0.793000	0.249673
-0.792000	0.251167
-0.791000	0.252661
-0.790000	0.254157
-0.789000	0.255652
-0.788000	0.257149
-0.787000	0.258646
-0.786000	0.260144
-0.785000	0.261642
-0.784000	0.263141
-0.783000	0.264640
-0.782000	0.266140
-0.781000	0.267640
-0.780000	0.269141
-0.779000	0.270642
-0.778000	0.272144
-0.777000	0.273646
-0.776000	0.275149
-0.775000	0.276652
-0.774000	0.278155
-0.773000	0.279659
-0.772000	0.281163
-0.771000	0.282667
-0.770000	0.284172
-0.769000	0.285677
-0.768000	0.287183
-0.767000	0.288688
-0.766000	0.290195
-0.765000	0.291701
-0.764000	0.293207
-0.763000	0.294714
-0.762000	0.296221
-0.761000	0.297728
-0.760000	0.299236
-0.759000	0.300743
-0.758000	0.302251
-0.757000	0.303759
-0.756000	0.305267
-0.755000	0.306775
-0.754000	0.308284
-0.753000	0.309792
-0.752000	0.311301
-0.751000	0.312809
-0.750000	0.314318
-0.749000	0.315827
-0.748000	0.317336
-0.747000	0.318844
-0.746000	0.320353
-0.745000	0.321862
-0.744000	0.323371
-0.743000	0.324880
-0.742000	0.326389
-0.741000	0.327897
-0.740000	0.329406
-0.739000	0.330915
-0.738000	0.332423
-0.737000	0.333932
-0.736000	0.335440
-0.735000	0.336948
-0.734000	0.338457
-0.733000	0.339965
-0.732000	0.341473
-0.731000	0.342980
-0.730000	0.344488
-0.729000	0.345995
-0.728000	0.347502
-0.727000	0.349009
-0.726000	0.350516
-0.725000	0.352023
-0.724000	0.353529
-0.723000	0.355035
-0.722000	0.356541
-0.721000	0.358046
-0.720000	0.359551
-0.719000	0.361056
-0.718000	0.362561
-0.717000	0.364065
-0.716000	0.365569
-0.715000	0.367073
-0.714000	0.368576
-0.713000	0.370079
-0.712000	0.371582
-0.711000	0.373084
-0.710000	0.374586
-0.709000	0.376088
-0.708000	0.377589
-0.707000	0.379089
-0.706000	0.380590
-0.705000	0.382089
-0.704000	0.383589
-0.703000	0.385088
-0.702000	0.386586
-0.701000	0.388084
-0.700000	0.389581
-0.699000	0.391078
-0.698000	0.392575
-0.697000	0.394071
-0.696000	0.395566
-0.695000	0.397061
-0.694000	0.398555
-0.693000	0.400049
-0.692000	0.401542
-0.691000	0.403035
-0.690000	0.404527
-0.689000	0.406019
-0.688000	0.407510
-0.687000	0.409000
-0.686000	0.410490
-0.685000	0.411979
-0.684000	0.413467
-0.683000	0.414955
-0.682000	0.416442
-0.681000	0.417928
-0.680000	0.419414
-0.679000	0.420899
-0.678000	0.422384
-0.677000	0.423867
-0.676000	0.425350
-0.675000	0.426832
-0.674000	0.428314
-0.673000	0.429795
-0.672000	0.431275
-0.671000	0.432754
-0.670000	0.434233
-0.669000	0.435711
-0.668000	0.437188
-0.667000	0.438664
-0.666000	0.440139
-0.665000	0.441614
-0.664000	0.443088
-0.663000	0.444561
-0.662000	0.446033
-0.661000	0.447504
-0.660000	0.448975
-0.659000	0.450444
-0.658000	0.451913
-0.657000	0.453381
-0.656000	0.454848
-0.655000	0.456314
-0.654000	0.457779
-0.653000	0.459244
-0.652000	0.460707
-0.651000	0.462170
-0.650000	0.463631
-0.649000	0.465092
-0.648000	0.466552
-0.647000	0.468011
-0.646000	0.469468
-0.645000	0.470925
-0.644000	0.472381
-0.643000	0.473836
-0.642000	0.475290
-0.641000	0.476743
-0.640000	0.478195
-0.639000	0.479646
-0.638000	0.481096
-0.637000	0.482545
-0.636000	0.483992
-0.635000	0.485439
-0.634000	0.486885
-0.633000	0.488330
-0.632000	0.489773
-0.631000	0.491216
-0.630000	0.492657
-0.629000	0.494098
-0.628000	0.495537
-0.627000	0.496975
-0.626000	0.498413
-0.625000	0.499849
-0.624000	0.501284
-0.623000	0.502717
-0.622000	0.504150
-0.621000	0.505581
-0.620000	0.507012
-0.619000	0.508441
-0.618000	0.509869
-0.617000	0.511296
-0.616000	0.512722
-0.615000	0.514146
-0.614000	0.515569
-0.613000	0.516992
-0.612000	0.518413
-0.611000	0.519832
-0.610000	0.521251
-0.609000	0.522668
-0.608000	0.524084
-0.607000	0.525499
-0.606000	0.526912
-0.605000	0.528325
-0.604000	0.529736
-0.603000	0.531146
-0.602000	0.532554
-0.601000	0.533961
-0.600000	0.535367
-0.599000	0.536772
-0.598000	0.538176
-0.597000	0.539578
-0.596000	0.540978
-0.595000	0.542378
-0.594000	0.543776
-0.593000	0.545173
-0.592000	0.546568
-0.591000	0.547963
-0.590000	0.549355
-0.589000	0.550747
-0.588000	0.552137
-0.587000	0.553526
-0.586000	0.554913
-0.585000	0.556299
-0.584000	0.557684
-0.583000	0.559067
-0.582000	0.560449
-0.581000	0.561829
-0.580000	0.563208
-0.579000	0.564586
-0.578000	0.565962
-0.577000	0.567337
-0.576000	0.568710
-0.575000	0.570082
-0.574000	0.571452
-0.573000	0.572821
-0.572000	0.574189
-0.571000	0.575555
-0.570000	0.576920
-0.569000	0.578283
-0.568000	0.579645
-0.567000	0.581005
-0.566000	0.582363
-0.565000	0.583721
-0.564000	0.585076
-0.563000	0.586431
-0.562000	0.587783
-0.561000	0.589134
-0.560000	0.590484
-0.559000	0.591832
-0.558000	0.593179
-0.557000	0.594524
-0.556000	0.595867
-0.555000	0.597209
-0.554000	0.598550
-0.553000	0.599889
-0.552000	0.601226
-0.551000	0.602562
-0.550000	0.603896
-0.549000	0.605228
-0.548000	0.606559
-0.547000	0.607888
-0.546000	0.609216
-0.545000	0.610542
-0.544000	0.611867
-0.543000	0.613190
-0.542000	0.614511
-0.541000	0.615831
-0.540000	0.617149
-0.539000	0.618465
-0.538000	0.619780
-0.537000	0.621093
-0.536000	0.622405
-0.535000	0.623715
-0.534000	0.625023
-0.533000	0.626329
-0.532000	0.627634
-0.531000	0.628937
-0.530000	0.630239
-0.529000	0.631538
-0.528000	0.632836
-0.527000	0.634133
-0.526000	0.635428
-0.525000	0.636721
-0.524000	0.638012
-0.523000	0.639301
-0.522000	0.640589
-0.521000	0.641875
-0.520000	0.643160
-0.519000	0.644442
-0.518000	0.645723
-0.517000	0.647002
-0.516000	0.648280
-0.515000	0.649555
-0.514000	0.650829
-0.513000	0.652101
-0.512000	0.653372
-0.511000	0.654640
-0.510000	0.655907
-0.509000	0.657172
-0.508000	0.658435
-0.507000	0.659697
-0.506000	0.660956
-0.505000	0.662214
-0.504000	0.663470
-0.503000	0.664724
-0.502000	0.665977
-0.501000	0.667227
-0.500000	0.668476
-0.499000	0.669723
-0.498000	0.670968
-0.497000	0.672211
-0.496000	0.673453
-0.495000	0.674692
-0.494000	0.675930
-0.493000	0.677166
-0.492000	0.678400
-0.491000	0.679632
-0.490000	0.680862
-0.489000	0.682090
-0.488000	0.683317
-0.487000	0.684541
-0.486000	0.685764
-0.485000	0.686985
-0.484000	0.688204
-0.483000	0.689421
-0.482000	0.690636
-0.481000	0.691849
-0.480000	0.693060
-0.479000	0.694270
-0.478000	0.695477
-0.477000	0.696683
-0.476000	0.697886
-0.475000	0.699088
-0.474000	0.700288
-0.473000	0.701486
-0.472000	0.702681
-0.471000	0.703875
-0.470000	0.705067
-0.469000	0.706257
-0.468000	0.707445
-0.467000	0.708631
-0.466000	0.709815
-0.465000	0.710997
-0.464000	0.712177
-0.463000	0.713356
-0.462000	0.714532
-0.461000	0.715706
-0.460000	0.716878
-0.459000	0.718048
-0.458000	0.719216
-0.457000	0.720382
-0.456000	0.721547
-0.455000	0.722709
-0.454000	0.723869
-0.453000	0.725027
-0.452000	0.726183
-0.451000	0.727337
-0.450000	0.728489
-0.449000	0.729639
-0.448000	0.730787
-0.447000	0.731933
-0.446000	0.733076
-0.445000	0.734218
-0.444000	0.735358
-0.443000	0.736496
-0.442000	0.737631
-0.441000	0.738765
-0.440000	0.739896
-0.439000	0.741025
-0.438000	0.742153
-0.437000	0.743278
-0.436000	0.744401
-0.435000	0.745522
-0.434000	0.746641
-0.433000	0.747758
-0.432000	0.748873
-0.431000	0.749985
-0.430000	0.751096
-0.429000	0.752204
-0.428000	0.753310
-0.427000	0.754415
-0.426000	0.755517
-0.425000	0.756616
-0.424000	0.757714
-0.423000	0.758810
-0.422000	0.759903
-0.421000	0.760995
-0.420000	0.762084
-0.419000	0.763171
-0.418000	0.764256
-0.417000	0.765339
-0.416000	0.766419
-0.415000	0.767498
-0.414000	0.768574
-0.413000	0.769648
-0.412000	0.770720
-0.411000	0.771790
-0.410000	0.772858
-0.409000	0.773923
-0.408000	0.774986
-0.407000	0.776048
-0.406000	0.777106
-0.405000	0.778163
-0.404000	0.779218
-0.403000	0.780270
-0.402000	0.781320
-0.401000	0.782368
-0.400000	0.783413
-0.399000	0.784457
-0.398000	0.785498
-0.397000	0.786537
-0.396000	0.787574
-0.395000	0.788608
-0.394000	0.789641
-0.393000	0.790671
-0.392000	0.791699
-0.391000	0.792724
-0.390000	0.793748
-0.389000	0.794769
-0.388000	0.795788
-0.387000	0.796804
-0.386000	0.797819
-0.385000	0.798831
-0.384000	0.799841
-0.383000	0.800848
-0.382000	0.801854
-0.381000	0.802857
-0.380000	0.803858
-0.379000	0.804856
-0.378000	0.805852
-0.377000	0.806846
-0.376000	0.807838
-0.375000	0.808827
-0.374000	0.809814
-0.373000	0.810799
-0.372000	0.811782
-0.371000	0.812762
-0.370000	0.813740
-0.369000	0.814715
-0.368000	0.815689
-0.367000	0.816660
-0.366000	0.817628
-0.365000	0.818595
-0.364000	0.819559
-0.363000	0.820520
-0.362000	0.821480
-0.361000	0.822437
-0.360000	0.823392
-0.359000	0.824344
-0.358000	0.825294
-0.357000	0.826242
-0.356000	0.827187
-0.355000	0.828130
-0.354000	0.829071
-0.353000	0.830009
-0.352000	0.830945
-0.351000	0.831879
-0.350000	0.832810
-0.349000	0.833739
-0.348000	0.834666
-0.347000	0.835590
-0.346000	0.836512
-0.345000	0.837431
-0.344000	0.838348
-0.343000	0.839263
-0.342000	0.840175
-0.341000	0.841085
-0.340000	0.841993
-0.339000	0.842898
-0.338000	0.843800
-0.337000	0.844701
-0.336000	0.845599
-0.335000	0.846494
-0.334000	0.847388
-0.333000	0.848278
-0.332000	0.849167
-0.331000	0.850053
-0.330000	0.850936
-0.329000	0.851817
-0.328000	0.852696
-0.327000	0.853572
-0.326000	0.854446
-0.325000	0.855318
-0.324000	0.856187
-0.323000	0.857053
-0.322000	0.857918
-0.321000	0.858779
-0.320000	0.859639
-0.319000	0.860496
-0.318000	0.861350
-0.317000	0.862202
-0.316000	0.863052
-0.315000	0.863899
-0.314000	0.864743
-0.313000	0.865586
-0.312000	0.866425
-0.311000	0.867263
-0.310000	0.868098
-0.309000	0.868930
-0.308000	0.869760
-0.307000	0.870587
-0.306000	0.871412
-0.305000	0.872235
-0.304000	0.873055
-0.303000	0.873872
-0.302000	0.874688
-0.301000	0.875500
-0.300000	0.876310
-0.299000	0.877118
-0.298000	0.877923
-0.297000	0.878726
-0.296000	0.879526
-0.295000	0.880324
-0.294000	0.881119
-0.293000	0.881912
-0.292000	0.882702
-0.291000	0.883490
-0.290000	0.884275
-0.289000	0.885058
-0.288000	0.885838
-0.287000	0.886615
-0.286000	0.887391
-0.285000	0.888163
-0.284000	0.888933
-0.283000	0.889701
-0.282000	0.890466
-0.281000	0.891229
-0.280000	0.891989
-0.279000	0.892746
-0.278000	0.893501
-0.277000	0.894254
-0.276000	0.895004
-0.275000	0.895751
-0.274000	0.896496
-0.273000	0.897239
-0.272000	0.897978
-0.271000	0.898716
-0.270000	0.899450
-0.269000	0.900183
-0.268000	0.900912
-0.267000	0.901639
-0.266000	0.902364
-0.265000	0.903086
-0.264000	0.903805
-0.263000	0.904522
-0.262000	0.905236
-0.261000	0.905948
-0.260000	0.906657
-0.259000	0.907364
-0.258000	0.908068
-0.257000	0.908769
-0.256000	0.909468
-0.255000	0.910165
-0.254000	0.910858
-0.253000	0.911550
-0.252000	0.912238
-0.251000	0.912924
-0.250000	0.913608
-0.249000	0.914289
-0.248000	0.914967
-0.247000	0.915643
-0.246000	0.916316
-0.245000	0.916986
-0.244000	0.917654
-0.243000	0.918320
-0.242000	0.918982
-0.241000	0.919642
-0.240000	0.920300
-0.239000	0.920955
-0.238000	0.921607
-0.237000	0.922257
-0.236000	0.922904
-0.235000	0.923549
-0.234000	0.924191
-0.233000	0.924830
-0.232000	0.925466
-0.231000	0.926101
-0.230000	0.926732
-0.229000	0.927361
-0.228000	0.927987
-0.227000	0.928611
-0.226000	0.929232
-0.225000	0.929850
-0.224000	0.930466
-0.223000	0.931079
-0.222000	0.931689
-0.221000	0.932297
-0.220000	0.932902
-0.219000	0.933505
-0.218000	0.934105
-0.217000	0.934702
-0.216000	0.935297
-0.215000	0.935889
-0.214000	0.936478
-0.213000	0.937065
-0.212000	0.937649
-0.211000	0.938231
-0.210000	0.938809
-0.209000	0.939386
-0.208000	0.939959
-0.207000	0.940530
-0.206000	0.941098
-0.205000	0.941664
-0.204000	0.942227
-0.203000	0.942787
-0.202000	0.943344
-0.201000	0.943899
-0.200000	0.944452
-0.199000	0.945001
-0.198000	0.945548
-0.197000	0.946092
-0.196000	0.946634
-0.195000	0.947173
-0.194000	0.947709
-0.193000	0.948243
-0.192000	0.948774
-0.191000	0.949302
-0.190000	0.949828
-0.189000	0.950350
-0.188000	0.950871
-0.187000	0.951388
-0.186000	0.951903
-0.185000	0.952415
-0.184000	0.952925
-0.183000	0.953432
-0.182000	0.953936
-0.181000	0.954437
-0.180000	0.954936
-0.179000	0.955432
-0.178000	0.955925
-0.177000	0.956416
-0.176000	0.956904
-0.175000	0.957389
-0.174000	0.957872
-0.173000	0.958352
-0.172000	0.958829
-0.171000	0.959303
-0.170000	0.959775
-0.169000	0.960244
-0.168000	0.960711
-0.167000	0.961174
-0.166000	0.961635
-0.165000	0.962094
-0.164000	0.962549
-0.163000	0.963002
-0.162000	0.963452
-0.161000	0.963900
-0.160000	0.964344
-0.159000	0.964786
-0.158000	0.965226
-0.157000	0.965662
-0.156000	0.966096
-0.155000	0.966527
-0.154000	0.966956
-0.153000	0.967382
-0.152000	0.967805
-0.151000	0.968225
-0.150000	0.968642
-0.149000	0.969057
-0.148000	0.969469
-0.147000	0.969879
-0.146000	0.970285
-0.145000	0.970689
-0.144000	0.971090
-0.143000	0.971489
-0.142000	0.971885
-0.141000	0.972278
-0.140000	0.972668
-0.139000	0.973056
-0.138000	0.973440
-0.137000	0.973822
-0.136000	0.974202
-0.135000	0.974578
-0.134000	0.974952
-0.133000	0.975323
-0.132000	0.975692
-0.131000	0.976057
-0.130000	0.976420
-0.129000	0.976780
-0.128000	0.977138
-0.127000	0.977492
-0.126000	0.977844
-0.125000	0.978194
-0.124000	0.978540
-0.123000	0.978884
-0.122000	0.979225
-0.121000	0.979563
-0.120000	0.979898
-0.119000	0.980231
-0.118000	0.980561
-0.117000	0.980888
-0.116000	0.981212
-0.115000	0.981534
-0.114000	0.981853
-0.113000	0.982169
-0.112000	0.982483
-0.111000	0.982793
-0.110000	0.983101
-0.109000	0.983406
-0.108000	0.983709
-0.107000	0.984008
-0.106000	0.984305
-0.105000	0.984599
-0.104000	0.984890
-0.103000	0.985179
-0.102000	0.985465
-0.101000	0.985748
-0.100000	0.986028
-0.099000	0.986306
-0.098000	0.986580
-0.097000	0.986852
-0.096000	0.987121
-0.095000	0.987388
-0.094000	0.987651
-0.093000	0.987912
-0.092000	0.988170
-0.091000	0.988426
-0.090000	0.988678
-0.089000	0.988928
-0.088000	0.989175
-0.087000	0.989419
-0.086000	0.989661
-0.085000	0.989900
-0.084000	0.990136
-0.083000	0.990369
-0.082000	0.990599
-0.081000	0.990827
-0.080000	0.991051
-0.079000	0.991274
-0.078000	0.991493
-0.077000	0.991709
-0.076000	0.991923
-0.075000	0.992134
-0.074000	0.992342
-0.073000	0.992547
-0.072000	0.992750
-0.071000	0.992950
-0.070000	0.993147
-0.069000	0.993341
-0.068000	0.993532
-0.067000	0.993721
-0.066000	0.993907
-0.065000	0.994090
-0.064000	0.994270
-0.063000	0.994448
-0.062000	0.994623
-0.061000	0.994794
-0.060000	0.994964
-0.059000	0.995130
-0.058000	0.995294
-0.057000	0.995454
-0.056000	0.995612
-0.055000	0.995768
-0.054000	0.995920
-0.053000	0.996070
-0.052000	0.996216
-0.051000	0.996360
-0.050000	0.996502
-0.049000	0.996640
-0.048000	0.996776
-0.047000	0.996909
-0.046000	0.997039
-0.045000	0.997166
-0.044000	0.997291
-0.043000	0.997412
-0.042000	0.997531
-0.041000	0.997647
-0.040000	0.997761
-0.039000	0.997871
-0.038000	0.997979
-0.037000	0.998084
-0.036000	0.998186
-0.035000	0.998285
-0.034000	0.998382
-0.033000	0.998476
-0.032000	0.998567
-0.031000	0.998655
-0.030000	0.998740
-0.029000	0.998823
-0.028000	0.998903
-0.027000	0.998980
-0.026000	0.999054
-0.025000	0.999125
-0.024000	0.999194
-0.023000	0.999259
-0.022000	0.999322
-0.021000	0.999383
-0.020000	0.999440
-0.019000	0.999495
-0.018000	0.999546
-0.017000	0.999595
-0.016000	0.999642
-0.015000	0.999685
-0.014000	0.999726
-0.013000	0.999763
-0.012000	0.999798
-0.011000	0.999831
-0.010000	0.999860
-0.009000	0.999887
-0.008000	0.999910
-0.007000	0.999931
-0.006000	0.999950
-0.005000	0.999965
-0.004000	0.999978
-0.003000	0.999987
-0.002000	0.999994
-0.001000	0.999999
0.000000	1.000000
0.001000	0.999999
0.002000	0.999994
0.003000	0.999987
0.004000	0.999978
0.005000	0.999965
0.006000	0.999950
0.007000	0.999931
0.008000	0.999910
0.009000	0.999887
0.010000	0.999860
0.011000	0.999831
0.012000	0.999798
0.013000	0.999763
0.014000	0.999726
0.015000	0.999685
0.016000	0.999642
0.017000	0.999595
0.018000	0.999546
0.019000	0.999495
0.020000	0.999440
0.021000	0.999383
0.022000	0.999322
0.023000	0.999259
0.024000	0.999194
0.025000	0.999125
0.026000	0.999054
0.027000	0.998980
0.028000	0.998903
0.029000	0.998823
0.030000	0.998740
0.031000	0.998655
0.032000	0.998567
0.033000	0.998476
0.034000	0.998382
0.035000	0.998285
0.036000	0.998186
0.037000	0.998084
0.038000	0.997979
0.039000	0.997871
0.040000	0.997761
0.041000	0.997647
0.042000	0.997531
0.043000	0.997412
0.044000	0.997291
0.045000	0.997166
0.046000	0.997039
0.047000	0.996909
0.048000	0.996776
0.049000	0.996640
0.050000	0.996502
0.051000	0.996360
0.052000	0.996216
0.053000	0.996070
0.054000	0.995920
0.055000	0.995768
0.056000	0.995612
0.057000	0.995454
0.058000	0.995294
0.059000	0.995130
0.060000	0.994964
0.061000	0.994794
0.062000	0.994623
0.063000	0.994448
0.064000	0.994270
0.065000	0.994090
0.066000	0.993907
0.067000	0.993721
0.068000	0.993532
0.069000	0.993341
0.070000	0.993147
0.071000	0.992950
0.072000	0.992750
0.073000	0.992547
0.074000	0.992342
0.075000	0.992134
0.076000	0.991923
0.077000	0.991709
0.078000	0.991493
0.079000	0.991274
0.080000	0.991051
0.081000	0.990827
0.082000	0.990599
0.083000	0.990369
0.084000	0.990136
0.085000	0.989900
0.086000	0.989661
0.087000	0.989419
0.088000	0.989175
0.089000	0.988928
0.090000	0.988678
0.091000	0.988426
0.092000	0.988170
0.093000	0.987912
0.094000	0.987651
0.095000	0.987388
0.096000	0.987121
0.097000	0.986852
0.098000	0.986580
0.099000	0.986306
0.100000	0.986028
0.101000	0.985748
0.102000	0.985465
0.103000	0.985179
0.104000	0.984890
0.105000	0.984599
0.106000	0.984305
0.107000	0.984008
0.108000	0.983709
0.109000	0.983406
0.110000	0.983101
0.111000	0.982793
0.112000	0.982483
0.113000	0.982169
0.114000	0.981853
0.115000	0.981534
0.116000	0.981212
0.117000	0.980888
0.118000	0.980561
0.119000	0.980231
0.120000	0.979898
0.121000	0.979563
0.122000	0.979225
0.123000	0.978884
0.124000	0.978540
0.125000	0.978194
0.126000	0.977844
0.127000	0.977492
0.128000	0.977138
0.129000	0.976780
0.130000	0.976420
0.131000	0.976057
0.132000	0.975692
0.133000	0.975323
0.134000	0.974952
0.135000	0.974578
0.136000	0.974202
0.137000	0.973822
0.138000	0.973440
0.139000	0.973056
0.140000	0.972668
0.141000	0.972278
0.142000	0.971885
0.143000	0.971489
0.144000	0.971090
0.145000	0.970689
0.146000	0.970285
0.147000	0.969879
0.148000	0.969469
0.149000	0.969057
0.150000	0.968642
0.151000	0.968225
0.152000	0.967805
0.153000	0.967382
0.154000	0.966956
0.155000	0.966527
0.156000	0.966096
0.157000	0.965662
0.158000	0.965226
0.159000	0.964786
0.160000	0.964344
0.161000	0.963900
0.162000	0.963452
0.163000	0.963002
0.164000	0.962549
0.165000	0.962094
0.166000	0.961635
0.167000	0.961174
0.168000	0.960711
0.169000	0.960244
0.170000	0.959775
0.171000	0.959303
0.172000	0.958829
0.173000	0.958352
0.174000	0.957872
0.175000	0.957389
0.176000	0.956904
0.177000	0.956416
0.178000	0.955925
0.179000	0.955432
0.180000	0.954936
0.181000	0.954437
0.182000	0.953936
0.183000	0.953432
0.184000	0.952925
0.185000	0.952415
0.186000	0.951903
0.187000	0.951388
0.188000	0.950871
0.189000	0.950350
0.190000	0.949828
0.191000	0.949302
0.192000	0.948774
0.193000	0.948243
0.194000	0.947709
0.195000	0.947173
0.196000	0.946634
0.197000	0.946092
0.198000	0.945548
0.199000	0.945001
0.200000	0.944452
0.201000	0.943899
0.202000	0.943344
0.203000	0.942787
0.204000	0.942227
0.205000	0.941664
0.206000	0.941098
0.207000	0.940530
0.208000	0.939959
0.209000	0.939386
0.210000	0.938809
0.211000	0.938231
0.212000	0.937649
0.213000	0.937065
0.214000	0.936478
0.215000	0.935889
0.216000	0.935297
0.217000	0.934702
0.218000	0.934105
0.219000	0.933505
0.220000	0.932902
0.221000	0.932297
0.222000	0.931689
0.223000	0.931079
0.224000	0.930466
0.225000	0.929850
0.226000	0.929232
0.227000	0.928611
0.228000	0.927987
0.229000	0.927361
0.230000	0.926732
0.231000	0.926101
0.232000	0.925466
0.233000	0.924830
0.234000	0.924191
0.235000	0.923549
0.236000	0.922904
0.237000	0.922257
0.238000	0.921607
0.239000	0.920955
0.240000	0.920300
0.241000	0.919642
0.242000	0.918982
0.243000	0.918320
0.244000	0.917654
0.245000	0.916986
0.246000	0.916316
0.247000	0.915643
0.248000	0.914967
0.249000	0.914289
0.250000	0.913608
0.251000	0.912924
0.252000	0.912238
0.253000	0.911550
0.254000	0.910858
0.255000	0.910165
0.256000	0.909468
0.257000	0.908769
0.258000	0.908068
0.259000	0.907364
0.260000	0.906657
0.261000	0.905948
0.262000	0.905236
0.263000	0.904522
0.264000	0.903805
0.265000	0.903086
0.266000	0.902364
0.267000	0.901639
0.268000	0.900912
0.269000	0.900183
0.270000	0.899450
0.271000	0.898716
0.272000	0.897978
0.273000	0.897239
0.274000	0.896496
0.275000	0.895751
0.276000	0.895004
0.277000	0.894254
0.278000	0.893501
0.279000	0.892746
0.280000	0.891989
0.281000	0.891229
0.282000	0.890466
0.283000	0.889701
0.284000	0.888933
0.285000	0.888163
0.286000	0.887391
0.287000	0.886615
0.288000	0.885838
0.289000	0.885058
0.290000	0.884275
0.291000	0.883490
0.292000	0.882702
0.293000	0.881912
0.294000	0.881119
0.295000	0.880324
0.296000	0.879526
0.297000	0.878726
0.298000	0.877923
0.299000	0.877118
0.300000	0.876310
0.301000	0.875500
0.302000	0.874688
0.303000	0.873872
0.304000	0.873055
0.305000	0.872235
0.306000	0.871412
0.307000	0.870587
0.308000	0.869760
0.309000	0.868930
0.310000	0.868098
0.311000	0.867263
0.312000	0.866425
0.313000	0.865586
0.314000	0.864743
0.315000	0.863899
0.316000	0.863052
0.317000	0.862202
0.318000	0.861350
0.319000	0.860496
0.320000	0.859639
0.321000	0.858779
0.322000	0.857918
0.323000	0.857053
0.324000	0.856187
0.325000	0.855318
0.326000	0.854446
0.327000	0.853572
0.328000	0.852696
0.329000	0.851817
0.330000	0.850936
0.331000	0.850053
0.332000	0.849167
0.333000	0.848278
0.334000	0.847388
0.335000	0.846494
0.336000	0.845599
0.337000	0.844701
0.338000	0.843800
0.339000	0.842898
0.340000	0.841993
0.341000	0.841085
0.342000	0.840175
0.343000	0.839263
0.344000	0.838348
0.345000	0.837431
0.346000	0.836512
0.347000	0.835590
0.348000	0.834666
0.349000	0.833739
0.350000	0.832810
0.351000	0.831879
0.352000	0.830945
0.353000	0.830009
0.354000	0.829071
0.355000	0.828130
0.356000	0.827187
0.357000	0.826242
0.358000	0.825294
0.359000	0.824344
0.360000	0.823392
0.361000	0.822437
0.362000	0.821480
0.363000	0.820520
0.364000	0.819559
0.365000	0.818595
0.366000	0.817628
0.367000	0.816660
0.368000	0.815689
0.369000	0.814715
0.370000	0.813740
0.371000	0.812762
0.372000	0.811782
0.373000	0.810799
0.374000	0.809814
0.375000	0.808827
0.376000	0.807838
0.377000	0.806846
0.378000	0.805852
0.379000	0.804856
0.380000	0.803858
0.381000	0.802857
0.382000	0.801854
0.383000	0.800848
0.384000	0.799841
0.385000	0.798831
0.386000	0.797819
0.387000	0.796804
0.388000	0.795788
0.389000	0.794769
0.390000	0.793748
0.391000	0.792724
0.392000	0.791699
0.393000	0.790671
0.394000	0.789641
0.395000	0.788608
0.396000	0.787574
0.397000	0.786537
0.398000	0.785498
0.399000	0.784457
0.400000	0.783413
0.401000	0.782368
0.402000	0.781320
0.403000	0.780270
0.404000	0.779218
0.405000	0.778163
0.406000	0.777106
0.407000	0.776048
0.408000	0.774986
0.409000	0.773923
0.410000	0.772858
0.411000	0.771790
0.412000	0.770720
0.413000	0.769648
0.414000	0.768574
0.415000	0.767498
0.416000	0.766419
0.417000	0.765339
0.418000	0.764256
0.419000	0.763171
0.420000	0.762084
0.421000	0.760995
0.422000	0.759903
0.423000	0.758810
0.424000	0.757714
0.425000	0.756616
0.426000	0.755517
0.427000	0.754415
0.428000	0.753310
0.429000	0.752204
0.430000	0.751096
0.431000	0.749985
0.432000	0.748873
0.433000	0.747758
0.434000	0.746641
0.435000	0.745522
0.436000	0.744401
0.437000	0.743278
0.438000	0.742153
0.439000	0.741025
0.440000	0.739896
0.441000	0.738765
0.442000	0.737631
0.443000	0.736496
0.444000	0.735358
0.445000	0.734218
0.446000	0.733076
0.447000	0.731933
0.448000	0.730787
0.449000	0.729639
0.450000	0.728489
0.451000	0.727337
0.452000	0.726183
0.453000	0.725027
0.454000	0.723869
0.455000	0.722709
0.456000	0.721547
0.457000	0.720382
0.458000	0.719216
0.459000	0.718048
0.460000	0.716878
0.461000	0.715706
0.462000	0.714532
0.463000	0.713356
0.464000	0.712177
0.465000	0.710997
0.466000	0.709815
0.467000	0.708631
0.468000	0.707445
0.469000	0.706257
0.470000	0.705067
0.471000	0.703875
0.472000	0.702681
0.473000	0.701486
0.474000	0.700288
0.475000	0.699088
0.476000	0.697886
0.477000	0.696683
0.478000	0.695477
0.479000	0.694270
0.480000	0.693060
0.481000	0.691849
0.482000	0.690636
0.483000	0.689421
0.484000	0.688204
0.485000	0.686985
0.486000	0.685764
0.487000	0.684541
0.488000	0.683317
0.489000	0.682090
0.490000	0.680862
0.491000	0.679632
0.492000	0.678400
0.493000	0.677166
0.494000	0.675930
0.495000	0.674692
0.496000	0.673453
0.497000	0.672211
0.498000	0.670968
0.499000	0.669723
0.500000	0.668476
0.501000	0.667227
0.502000	0.665977
0.503000	0.664724
0.504000	0.663470
0.505000	0.662214
0.506000	0.660956
0.507000	0.659697
0.508000	0.658435
0.509000	0.657172
0.510000	0.655907
0.511000	0.654640
0.512000	0.653372
0.513000	0.652101
0.514000	0.650829
0.515000	0.649555
0.516000	0.648280
0.517000	0.647002
0.518000	0.645723
0.519000	0.644442
0.520000	0.643160
0.521000	0.641875
0.522000	0.640589
0.523000	0.639301
0.524000	0.638012
0.525000	0.636721
0.526000	0.635428
0.527000	0.634133
0.528000	0.632836
0.529000	0.631538
0.530000	0.630239
0.531000	0.628937
0.532000	0.627634
0.533000	0.626329
0.534000	0.625023
0.535000	0.623715
0.536000	0.622405
0.537000	0.621093
0.538000	0.619780
0.539000	0.618465
0.540000	0.617149
0.541000	0.615831
0.542000	0.614511
0.543000	0.613190
0.544000	0.611867
0.545000	0.610542
0.546000	0.609216
0.547000	0.607888
0.548000	0.606559
0.549000	0.605228
0.550000	0.603896
0.551000	0.602562
0.552000	0.601226
0.553000	0.599889
0.554000	0.598550
0.555000	0.597209
0.556000	0.595867
0.557000	0.594524
0.558000	0.593179
0.559000	0.591832
0.560000	0.590484
0.561000	0.589134
0.562000	0.587783
0.563000	0.586431
0.564000	0.585076
0.565000	0.583721
0.566000	0.582363
0.567000	0.581005
0.568000	0.579645
0.569000	0.578283
0.570000	0.576920
0.571000	0.575555
0.572000	0.574189
0.573000	0.572821
0.574000	0.571452
0.575000	0.570082
0.576000	0.568710
0.577000	0.567337
0.578000	0.565962
0.579000	0.564586
0.580000	0.563208
0.581000	0.561829
0.582000	0.560449
0.583000	0.559067
0.584000	0.557684
0.585000	0.556299
0.586000	0.554913
0.587000	0.553526
0.588000	0.552137
0.589000	0.550747
0.590000	0.549355
0.591000	0.547963
0.592000	0.546568
0.593000	0.545173
0.594000	0.543776
0.595000	0.542378
0.596000	0.540978
0.597000	0.539578
0.598000	0.538176
0.599000	0.536772
0.600000	0.535367
0.601000	0.533961
0.602000	0.532554
0.603000	0.531146
0.604000	0.529736
0.605000	0.528325
0.606000	0.526912
0.607000	0.525499
0.608000	0.524084
0.609000	0.522668
0.610000	0.521251
0.611000	0.519832
0.612000	0.518413
0.613000	0.516992
0.614000	0.515569
0.615000	0.514146
0.616000	0.512722
0.617000	0.511296
0.618000	0.509869
0.619000	0.508441
0.620000	0.507012
0.621000	0.505581
0.622000	0.504150
0.623000	0.502717
0.624000	0.501284
0.625000	0.499849
0.626000	0.498413
0.627000	0.496975
0.628000	0.495537
0.629000	0.494098
0.630000	0.492657
0.631000	0.491216
0.632000	0.489773
0.633000	0.488330
0.634000	0.486885
0.635000	0.485439
0.636000	0.483992
0.637000	0.482545
0.638000	0.481096
0.639000	0.479646
0.640000	0.478195
0.641000	0.476743
0.642000	0.475290
0.643000	0.473836
0.644000	0.472381
0.645000	0.470925
0.646000	0.469468
0.647000	0.468011
0.648000	0.466552
0.649000	0.465092
0.650000	0.463631
0.651000	0.462170
0.652000	0.460707
0.653000	0.459244
0.654000	0.457779
0.655000	0.456314
0.656000	0.454848
0.657000	0.453381
0.658000	0.451913
0.659000	0.450444
0.660000	0.448975
0.661000	0.447504
0.662000	0.446033
0.663000	0.444561
0.664000	0.443088
0.665000	0.441614
0.666000	0.440139
0.667000	0.438664
0.668000	0.437188
0.669000	0.435711
0.670000	0.434233
0.671000	0.432754
0.672000	0.431275
0.673000	0.429795
0.674000	0.428314
0.675000	0.426832
0.676000	0.425350
0.677000	0.423867
0.678000	0.422384
0.679000	0.420899
0.680000	0.419414
0.681000	0.417928
0.682000	0.416442
0.683000	0.414955
0.684000	0.413467
0.685000	0.411979
0.686000	0.410490
0.687000	0.409000
0.688000	0.407510
0.689000	0.406019
0.690000	0.404527
0.691000	0.403035
0.692000	0.401542
0.693000	0.400049
0.694000	0.398555
0.695000	0.397061
0.696000	0.395566
0.697000	0.394071
0.698000	0.392575
0.699000	0.391078
0.700000	0.389581
0.701000	0.388084
0.702000	0.386586
0.703000	0.385088
0.704000	0.383589
0.705000	0.382089
0.706000	0.380590
0.707000	0.379089
0.708000	0.377589
0.709000	0.376088
0.710000	0.374586
0.711000	0.373084
0.712000	0.371582
0.713000	0.370079
0.714000	0.368576
0.715000	0.367073
0.716000	0.365569
0.717000	0.364065
0.718000	0.362561
0.719000	0.361056
0.720000	0.359551
0.721000	0.358046
0.722000	0.356541
0.723000	0.355035
0.724000	0.353529
0.725000	0.352023
0.726000	0.350516
0.727000	0.349009
0.728000	0.347502
0.729000	0.345995
0.730000	0.344488
0.731000	0.342980
0.732000	0.341473
0.733000	0.339965
0.734000	0.338457
0.735000	0.336948
0.736000	0.335440
0.737000	0.333932
0.738000	0.332423
0.739000	0.330915
0.740000	0.329406
0.741000	0.327897
0.742000	0.326389
0.743000	0.324880
0.744000	0.323371
0.745000	0.321862
0.746000	0.320353
0.747000	0.318844
0.748000	0.317336
0.749000	0.315827
0.750000	0.314318
0.751000	0.312809
0.752000	0.311301
0.753000	0.309792
0.754000	0.308284
0.755000	0.306775
0.756000	0.305267
0.757000	0.303759
0.758000	0.302251
0.759000	0.300743
0.760000	0.299236
0.761000	0.297728
0.762000	0.296221
0.763000	0.294714
0.764000	0.293207
0.765000	0.291701
0.766000	0.290195
0.767000	0.288688
0.768000	0.287183
0.769000	0.285677
0.770000	0.284172
0.771000	0.282667
0.772000	0.281163
0.773000	0.279659
0.774000	0.278155
0.775000	0.276652
0.776000	0.275149
0.777000	0.273646
0.778000	0.272144
0.779000	0.270642
0.780000	0.269141
0.781000	0.267640
0.782000	0.266140
0.783000	0.264640
0.784000	0.263141
0.785000	0.261642
0.786000	0.260144
0.787000	0.258646
0.788000	0.257149
0.789000	0.255652
0.790000	0.254157
0.791000	0.252661
0.792000	0.251167
0.793000	0.249673
0.794000	0.248179
0.795000	0.246687
0.796000	0.245195
0.797000	0.243703
0.798000	0.242213
0.799000	0.240723
0.800000	0.239234
0.801000	0.237746
0.802000	0.236259
0.803000	0.234772
0.804000	0.233287
0.805000	0.231802
0.806000	0.230318
0.807000	0.228835
0.808000	0.227352
0.809000	0.225871
0.810000	0.224391
0.811000	0.222911
0.812000	0.221433
0.813000	0.219956
0.814000	0.218479
0.815000	0.217004
0.816000	0.215530
0.817000	0.214057
0.818000	0.212584
0.819000	0.211113
0.820000	0.209644
0.821000	0.208175
0.822000	0.206707
0.823000	0.205241
0.824000	0.203776
0.825000	0.202312
0.826000	0.200849
0.827000	0.199388
0.828000	0.197928
0.829000	0.196469
0.830000	0.195011
0.831000	0.193555
0.832000	0.192101
0.833000	0.190647
0.834000	0.189195
0.835000	0.187745
0.836000	0.186296
0.837000	0.184848
0.838000	0.183402
0.839000	0.181958
0.840000	0.180515
0.841000	0.179073
0.842000	0.177634
0.843000	0.176196
0.844000	0.174759
0.845000	0.173324
0.846000	0.171891
0.847000	0.170460
0.848000	0.169030
0.849000	0.167602
0.850000	0.166176
0.851000	0.164752
0.852000	0.163329
0.853000	0.161909
0.854000	0.160490
0.855000	0.159073
0.856000	0.157658
0.857000	0.156245
0.858000	0.154834
0.859000	0.153426
0.860000	0.152019
0.861000	0.150614
0.862000	0.149211
0.863000	0.147811
0.864000	0.146413
0.865000	0.145017
0.866000	0.143623
0.867000	0.142231
0.868000	0.140842
0.869000	0.139455
0.870000	0.138070
0.871000	0.136688
0.872000	0.135308
0.873000	0.133930
0.874000	0.132555
0.875000	0.131182
0.876000	0.129812
0.877000	0.128445
0.878000	0.127080
0.879000	0.125718
0.880000	0.124358
0.881000	0.123001
0.882000	0.121647
0.883000	0.120296
0.884000	0.118947
0.885000	0.117602
0.886000	0.116259
0.887000	0.114919
0.888000	0.113582
0.889000	0.112248
0.890000	0.110917
0.891000	0.109589
0.892000	0.108264
0.893000	0.106942
0.894000	0.105623
0.895000	0.104308
0.896000	0.102996
0.897000	0.101687
0.898000	0.100382
0.899000	0.099080
0.900000	0.097781
0.901000	0.096486
0.902000	0.095194
0.903000	0.093906
0.904000	0.092622
0.905000	0.091341
0.906000	0.090064
0.907000	0.088791
0.908000	0.087521
0.909000	0.086255
0.910000	0.084994
0.911000	0.083736
0.912000	0.082482
0.913000	0.081232
0.914000	0.079986
0.915000	0.078745
0.916000	0.077508
0.917000	0.076275
0.918000	0.075046
0.919000	0.073822
0.920000	0.072602
0.921000	0.071387
0.922000	0.070176
0.923000	0.068970
0.924000	0.067768
0.925000	0.066572
0.926000	0.065380
0.927000	0.064193
0.928000	0.063011
0.929000	0.061834
0.930000	0.060662
0.931000	0.059495
0.932000	0.058334
0.933000	0.057178
0.934000	0.056027
0.935000	0.054882
0.936000	0.053743
0.937000	0.052609
0.938000	0.051481
0.939000	0.050358
0.940000	0.049242
0.941000	0.048131
0.942000	0.047027
0.943000	0.045929
0.944000	0.044837
0.945000	0.043752
0.946000	0.042673
0.947000	0.041600
0.948000	0.040535
0.949000	0.039476
0.950000	0.038424
0.951000	0.037380
0.952000	0.036342
0.953000	0.035312
0.954000	0.034289
0.955000	0.033274
0.956000	0.032266
0.957000	0.031267
0.958000	0.030275
0.959000	0.029292
0.960000	0.028317
0.961000	0.027350
0.962000	0.026392
0.963000	0.025443
0.964000	0.024503
0.965000	0.023572
0.966000	0.022651
0.967000	0.021739
0.968000	0.020837
0.969000	0.019946
0.970000	0.019064
0.971000	0.018194
0.972000	0.017334
0.973000	0.016485
0.974000	0.015648
0.975000	0.014822
0.976000	0.014009
0.977000	0.013208
0.978000	0.012420
0.979000	0.011645
0.980000	0.010884
0.981000	0.010137
0.982000	0.009404
0.983000	0.008687
0.984000	0.007986
0.985000	0.007301
0.986000	0.006634
0.987000	0.005984
0.988000	0.005353
0.989000	0.004743
0.990000	0.004153
0.991000	0.003586
0.992000	0.003043
0.993000	0.002526
0.994000	0.002037
0.995000	0.001579
0.996000	0.001156
0.997000	0.000774
0.998000	0.000439
0.999000	0.000166
1.000000	0.000000
1.001000	0.000000
1.002000	0.000000
1.003000	0.000000
1.004000	0.000000
1.005000	0.000000
1.006000	0.000000
1.007000	0.000000
1.008000	0.000000
1.009000	0.000000
1.010000	0.000000
1.011000	0.000000
1.012000	0.000000
1.013000	0.000000
1.014000	0.000000
1.015000	0.000000
1.016000	0.000000
1.017000	0.000000
1.018000	0.000000
1.019000	0.000000
1.020000	0.000000
1.021000	0.000000
1.022000	0.000000
1.023000	0.000000
1.024000	0.000000
1.025000	0.000000
1.026000	0.000000
1.027000	0.000000
1.028000	0.000000
1.029000	0.000000
1.030000	0.000000
1.031000	0.000000
1.032000	0.000000
1.033000	0.000000
1.034000	0.000000
1.035000	0.000000
1.036000	0.000000
1.037000	0.000000
1.038000	0.000000
1.039000	0.000000
1.040000	0.000000
1.041000	0.000000
1.042000	0.000000
1.043000	0.000000
1.044000	0.000000
1.045000	0.000000
1.046000	0.000000
1.047000	0.000000
1.048000	0.000000
1.049000	0.000000
1.050000	0.000000
1.051000	0.000000
1.052000	0.000000
1.053000	0.000000
1.054000	0.000000
1.055000	0.000000
1.056000	0.000000
1.057000	0.000000
1.058000	0.000000
1.059000	0.000000
1.060000	0.000000
1.061000	0.000000
1.062000	0.000000
1.063000	0.000000
1.064000	0.000000
1.065000	0.000000
1.066000	0.000000
1.067000	0.000000
1.068000	0.000000
1.069000	0.000000
1.070000	0.000000
1.071000	0.000000
1.072000	0.000000
1.073000	0.000000
1.074000	0.000000
1.075000	0.000000
1.076000	0.000000
1.077000	0.000000
1.078000	0.000000
1.079000	0.000000
1.080000	0.000000
1.081000	0.000000
1.082000	0.000000
1.083000	0.000000
1.084000	0.000000
1.085000	0.000000
1.086000	0.000000
1.087000	0.000000
1.088000	0.000000
1.089000	0.000000
1.090000	0.000000
1.091000	0.000000
1.092000	0.000000
1.093000	0.000000
1.094000	0.000000
1.095000	0.000000
1.096000	0.000000
1.097000	0.000000
1.098000	0.000000
1.099000	0.000000
1.100000	0.000000
1.101000	0.000000
1.102000	0.000000
1.103000	0.000000
1.104000	0.000000
1.105000	0.000000
1.106000	0.000000
1.107000	0.000000
1.108000	0.000000
1.109000	0.000000
1.110000	0.000000
1.111000	0.000000
1.112000	0.000000
1.113000	0.000000
1.114000	0.000000
1.115000	0.000000
1.116000	0.000000
1.117000	0.000000
1.118000	0.000000
1.119000	0.000000
1.120000	0.000000
1.121000	0.000000
1.122000	0.000000
1.123000	0.000000
1.124000	0.000000
1.125000	0.000000
1.126000	0.000000
1.127000	0.000000
1.128000	0.000000
1.129000	0.000000
1.130000	0.000000
1.131000	0.000000
1.132000	0.000000
1.133000	0.000000
1.134000	0.000000
1.135000	0.000000
1.136000	0.000000
1.137000	0.000000
1.138000	0.000000
1.139000	0.000000
1.140000	0.000000
1.141000	0.000000
1.142000	0.000000
1.143000	0.000000
1.144000	0.000000
1.145000	0.000000
1.146000	0.000000
1.147000	0.000000
1.148000	0.000000
1.149000	0.000000
1.150000	0.000000
1.151000	0.000000
1.152000	0.000000
1.153000	0.000000
1.154000	0.000000
1.155000	0.000000
1.156000	0.000000
1.157000	0.000000
1.158000	0.000000
1.159000	0.000000
1.160000	0.000000
1.161000	0.000000
1.162000	0.000000
1.163000	0.000000
1.164000	0.000000
1.165000	0.000000
1.166000	0.000000
1.167000	0.000000
1.168000	0.000000
1.169000	0.000000
1.170000	0.000000
1.171000	0.000000
1.172000	0.000000
1.173000	0.000000
1.174000	0.000000
1.175000	0.000000
1.176000	0.000000
1.177000	0.000000
1.178000	0.000000
1.179000	0.000000
1.180000	0.000000
1.181000	0.000000
1.182000	0.000000
1.183000	0.000000
1.184000	0.000000
1.185000	0.000000
1.186000	0.000000
1.187000	0.000000
1.188000	0.000000
1.189000	0.000000
1.190000	0.000000
1.191000	0.000000
1.192000	0.000000
1.193000	0.000000
1.194000	0.000000
1.195000	0.000000
1.196000	0.000000
1.197000	0.000000
1.198000	0.000000
1.199000	0.000000
1.200000	0.000000
1.201000	0.000000
1.202000	0.000000
1.203000	0.000000
1.204000	0.000000
1.205000	0.000000
1.206000	0.000000
1.207000	0.000000
1.208000	0.000000
1.209000	0.000000
1.210000	0.000000
1.211000	0.000000
1.212000	0.000000
1.213000	0.000000
1.214000	0.000000
1.215000	0.000000
1.216000	0.000000
1.217000	0.000000
1.218000	0.000000
1.219000	0.000000
1.220000	0.000000
1.221000	0.000000
1.222000	0.000000
1.223000	0.000000
1.224000	0.000000
1.225000	0.000000
1.226000	0.000000
1.227000	0.000000
1.228000	0.000000
1.229000	0.000000
1.230000	0.000000
1.231000	0.000000
1.232000	0.000000
1.233000	0.000000
1.234000	0.000000
1.235000	0.000000
1.236000	0.000000
1.237000	0.000000
1.238000	0.000000
1.239000	0.000000
1.240000	0.000000
1.241000	0.000000
1.242000	0.000000
1.243000	0.000000
1.244000	0.000000
1.245000	0.000000
1.246000	0.000000
1.247000	0.000000
1.248000	0.000000
1.249000	0.000000
1.250000	0.000000
1.251000	0.000000
1.252000	0.000000
1.253000	0.000000
1.254000	0.000000
1.255000	0.000000
1.256000	0.000000
1.257000	0.000000
1.258000	0.000000
1.259000	0.000000
1.260000	0.000000
1.261000	0.000000
1.262000	0.000000
1.263000	0.000000
1.264000	0.000000
1.265000	0.000000
1.266000	0.000000
1.267000	0.000000
1.268000	0.000000
1.269000	0.000000
1.270000	0.000000
1.271000	0.000000
1.272000	0.000000
1.273000	0.000000
1.274000	0.000000
1.275000	0.000000
1.276000	0.000000
1.277000	0.000000
1.278000	0.000000
1.279000	0.000000
1.280000	0.000000
1.281000	0.000000
1.282000	0.000000
1.283000	0.000000
1.284000	0.000000
1.285000	0.000000
1.286000	0.000000
1.287000	0.000000
1.288000	0.000000
1.289000	0.000000
1.290000	0.000000
1.291000	0.000000
1.292000	0.000000
1.293000	0.000000
1.294000	0.000000
1.295000	0.000000
1.296000	0.000000
1.297000	0.000000
1.298000	0.000000
1.299000	0.000000
1.300000	0.000000
1.301000	0.000000
1.302000	0.000000
1.303000	0.000000
1.304000	0.000000
1.305000	0.000000
1.306000	0.000000
1.307000	0.000000
1.308000	0.000000
1.309000	0.000000
1.310000	0.000000
1.311000	0.000000
1.312000	0.000000
1.313000	0.000000
1.314000	0.000000
1.315000	0.000000
1.316000	0.000000
1.317000	0.000000
1.318000	0.000000
1.319000	0.000000
1.320000	0.000000
1.321000	0.000000
1.322000	0.000000
1.323000	0.000000
1.324000	0.000000
1.325000	0.000000
1.326000	0.000000
1.327000	0.000000
1.328000	0.000000
1.329000	0.000000
1.330000	0.000000
1.331000	0.000000
1.332000	0.000000
1.333000	0.000000
1.334000	0.000000
1.335000	0.000000
1.336000	0.000000
1.337000	0.000000
1.338000	0.000000
1.339000	0.000000
1.340000	0.000000
1.341000	0.000000
1.342000	0.000000
1.343000	0.000000
1.344000	0.000000
1.345000	0.000000
1.346000	0.000000
1.347000	0.000000
1.348000	0.000000
1.349000	0.000000
1.350000	0.000000
1.351000	0.000000
1.352000	0.000000
1.353000	0.000000
1.354000	0.000000
1.355000	0.000000
1.356000	0.000000
1.357000	0.000000
1.358000	0.000000
1.359000	0.000000
1.360000	0.000000
1.361000	0.000000
1.362000	0.000000
1.363000	0.000000
1.364000	0.000000
1.365000	0.000000
1.366000	0.000000
1.367000	0.000000
1.368000	0.000000
1.369000	0.000000
1.370000	0.000000
1.371000	0.000000
1.372000	0.000000
1.373000	0.000000
1.374000	0.000000
1.375000	0.000000
1.376000	0.000000
1.377000	0.000000
1.378000	0.000000
1.379000	0.000000
1.380000	0.000000
1.381000	0.000000
1.382000	0.000000
1.383000	0.000000
1.384000	0.000000
1.385000	0.000000
1.386000	0.000000
1.387000	0.000000
1.388000	0.000000
1.389000	0.000000
1.390000	0.000000
1.391000	0.000000
1.392000	0.000000
1.393000	0.000000
1.394000	0.000000
1.395000	0.000000
1.396000	0.000000
1.397000	0.000000
1.398000	0.000000
1.399000	0.000000
1.400000	0.000000
1.401000	0.000000
1.402000	0.000000
1.403000	0.000000
1.404000	0.000000
1.405000	0.000000
1.406000	0.000000
1.407000	0.000000
1.408000	0.000000
1.409000	0.000000
1.410000	0.000000
1.411000	0.000000
1.412000	0.000000
1.413000	0.000000
1.414000	0.000000
1.415000	0.000000
1.416000	0.000000
1.417000	0.000000
1.418000	0.000000
1.419000	0.000000
1.420000	0.000000
1.421000	0.000000
1.422000	0.000000
1.423000	0.000000
1.424000	0.000000
1.425000	0.000000
1.426000	0.000000
1.427000	0.000000
1.428000	0.000000
1.429000	0.000000
1.430000	0.000000
1.431000	0.000000
1.432000	0.000000
1.433000	0.000000
1.434000	0.000000
1.435000	0.000000
1.436000	0.000000
1.437000	0.000000
1.438000	0.000000
1.439000	0.000000
1.440000	0.000000
1.441000	0.000000
1.442000	0.000000
1.443000	0.000000
1.444000	0.000000
1.445000	0.000000
1.446000	0.000000
1.447000	0.000000
1.448000	0.000000
1.449000	0.000000
1.450000	0.000000
1.451000	0.000000
1.452000	0.000000
1.453000	0.000000
1.454000	0.000000
1.455000	0.000000
1.456000	0.000000
1.457000	0.000000
1.458000	0.000000
1.459000	0.000000
1.460000	0.000000
1.461000	0.000000
1.462000	0.000000
1.463000	0.000000
1.464000	0.000000
1.465000	0.000000
1.466000	0.000000
1.467000	0.000000
1.468000	0.000000
1.469000	0.000000
1.470000	0.000000
1.471000	0.000000
1.472000	0.000000
1.473000	0.000000
1.474000	0.000000
1.475000	0.000000
1.476000	0.000000
1.477000	0.000000
1.478000	0.000000
1.479000	0.000000
1.480000	0.000000
1.481000	0.000000
1.482000	0.000000
1.483000	0.000000
1.484000	0.000000
1.485000	0.000000
1.486000	0.000000
1.487000	0.000000
1.488000	0.000000
1.489000	0.000000
1.490000	0.000000
1.491000	0.000000
1.492000	0.000000
1.493000	0.000000
1.494000	0.000000
1.495000	0.000000
1.496000	0.000000
1.497000	0.000000
1.498000	0.000000
1.499000	0.000000
1.500000	0.000000
1.501000	0.000000
1.502000	0.000000
1.503000	0.000000
1.504000	0.000000
1.505000	0.000000
1.506000	0.000000
1.507000	0.000000
1.508000	0.000000
1.509000	0.000000
1.510000	0.000000
1.511000	0.000000
1.512000	0.000000
1.513000	0.000000
1.514000	0.000000
1.515000	0.000000
1.516000	0.000000
1.517000	0.000000
1.518000	0.000000
1.519000	0.000000
1.520000	0.000000
1.521000	0.000000
1.522000	0.000000
1.523000	0.000000
1.524000	0.000000
1.525000	0.000000
1.526000	0.000000
1.527000	0.000000
1.528000	0.000000
1.529000	0.000000
1.530000	0.000000
1.531000	0.000000
1.532000	0.000000
1.533000	0.000000
1.534000	0.000000
1.535000	0.000000
1.536000	0.000000
1.537000	0.000000
1.538000	0.000000
1.539000	0.000000
1.540000	0.000000
1.541000	0.000000
1.542000	0.000000
1.543000	0.000000
1.544000	0.000000
1.545000	0.000000
1.546000	0.000000
1.547000	0.000000
1.548000	0.000000
1.549000	0.000000
1.550000	0.000000
1.551000	0.000000
1.552000	0.000000
1.553000	0.000000
1.554000	0.000000
1.555000	0.000000
1.556000	0.000000
1.557000	0.000000
1.558000	0.000000
1.559000	0.000000
1.560000	0.000000
1.561000	0.000000
1.562000	0.000000
1.563000	0.000000
1.564000	0.000000
1.565000	0.000000
1.566000	0.000000
1.567000	0.000000
1.568000	0.000000
1.569000	0.000000
1.570000	0.000000
1.571000	0.000000
1.572000	0.000000
1.573000	0.000000
1.574000	0.000000
1.575000	0.000000
1.576000	0.000000
1.577000	0.000000
1.578000	0.000000
1.579000	0.000000
1.580000	0.000000
1.581000	0.000000
1.582000	0.000000
1.583000	0.000000
1.584000	0.000000
1.585000	0.000000
1.586000	0.000000
1.587000	0.000000
1.588000	0.000000
1.589000	0.000000
1.590000	0.000000
1.591000	0.000000
1.592000	0.000000
1.593000	0.000000
1.594000	0.000000
1.595000	0.000000
1.596000	0.000000
1.597000	0.000000
1.598000	0.000000
1.599000	0.000000
1.600000	0.000000
1.601000	0.000000
1.602000	0.000000
1.603000	0.000000
1.604000	0.000000
1.605000	0.000000
1.606000	0.000000
1.607000	0.000000
1.608000	0.000000
1.609000	0.000000
1.610000	0.000000
1.611000	0.000000
1.612000	0.000000
1.613000	0.000000
1.614000	0.000000
1.615000	0.000000
1.616000	0.000000
1.617000	0.000000
1.618000	0.000000
1.619000	0.000000
1.620000	0.000000
1.621000	0.000000
1.622000	0.000000
1.623000	0.000000
1.624000	0.000000
1.625000	0.000000
1.626000	0.000000
1.627000	0.000000
1.628000	0.000000
1.629000	0.000000
1.630000	0.000000
1.631000	0.000000
1.632000	0.000000
1.633000	0.000000
1.634000	0.000000
1.635000	0.000000
1.636000	0.000000
1.637000	0.000000
1.638000	0.000000
1.639000	0.000000
1.640000	0.000000
1.641000	0.000000
1.642000	0.000000
1.643000	0.000000
1.644000	0.000000
1.645000	0.000000
1.646000	0.000000
1.647000	0.000000
1.648000	0.000000
1.649000	0.000000
1.650000	0.000000
1.651000	0.000000
1.652000	0.000000
1.653000	0.000000
1.654000	0.000000
1.655000	0.000000
1.656000	0.000000
1.657000	0.000000
1.658000	0.000000
1.659000	0.000000
1.660000	0.000000
1.661000	0.000000
1.662000	0.000000
1.663000	0.000000
1.664000	0.000000
1.665000	0.000000
1.666000	0.000000
1.667000	0.000000
1.668000	0.000000
1.669000	0.000000
1.670000	0.000000
1.671000	0.000000
1.672000	0.000000
1.673000	0.000000
1.674000	0.000000
1.675000	0.000000
1.676000	0.000000
1.677000	0.000000
1.678000	0.000000
1.679000	0.000000
1.680000	0.000000
1.681000	0.000000
1.682000	0.000000
1.683000	0.000000
1.684000	0.000000
1.685000	0.000000
1.686000	0.000000
1.687000	0.000000
1.688000	0.000000
1.689000	0.000000
1.690000	0.000000
1.691000	0.000000
1.692000	0.000000
1.693000	0.000000
1.694000	0.000000
1.695000	0.000000
1.696000	0.000000
1.697000	0.000000
1.698000	0.000000
1.699000	0.000000
1.700000	0.000000
1.701000	0.000000
1.702000	0.000000
1.703000	0.000000
1.704000	0.000000
1.705000	0.000000
1.706000	0.000000
1.707000	0.000000
1.708000	0.000000
1.709000	0.000000
1.710000	0.000000
1.711000	0.000000
1.712000	0.000000
1.713000	0.000000
1.714000	0.000000
1.715000	0.000000
1.716000	0.000000
1.717000	0.000000
1.718000	0.000000
1.719000	0.000000
1.720000	0.000000
1.721000	0.000000
1.722000	0.000000
1.723000	0.000000
1.724000	0.000000
1.725000	0.000000
1.726000	0.000000
1.727000	0.000000
1.728000	0.000000
1.729000	0.000000
1.730000	0.000000
1.731000	0.000000
1.732000	0.000000
1.733000	0.000000
1.734000	0.000000
1.735000	0.000000
1.736000	0.000000
1.737000	0.000000
1.738000	0.000000
1.739000	0.000000
1.740000	0.000000
1.741000	0.000000
1.742000	0.000000
1.743000	0.000000
1.744000	0.000000
1.745000	0.000000
1.746000	0.000000
1.747000	0.000000
1.748000	0.000000
1.749000	0.000000
1.750000	0.000000
1.751000	0.000000
1.752000	0.000000
1.753000	0.000000
1.754000	0.000000
1.755000	0.000000
1.756000	0.000000
1.757000	0.000000
1.758000	0.000000
1.759000	0.000000
1.760000	0.000000
1.761000	0.000000
1.762000	0.000000
1.763000	0.000000
1.764000	0.000000
1.765000	0.000000
1.766000	0.000000
1.767000	0.000000
1.768000	0.000000
1.769000	0.000000
1.770000	0.000000
1.771000	0.000000
1.772000	0.000000
1.773000	0.000000
1.774000	0.000000
1.775000	0.000000
1.776000	0.000000
1.777000	0.000000
1.778000	0.000000
1.779000	0.000000
1.780000	0.000000
1.781000	0.000000
1.782000	0.000000
1.783000	0.000000
1.784000	0.000000
1.785000	0.000000
1.786000	0.000000
1.787000	0.000000
1.788000	0.000000
1.789000	0.000000
1.790000	0.000000
1.791000	0.000000
1.792000	0.000000
1.793000	0.000000
1.794000	0.000000
1.795000	0.000000
1.796000	0.000000
1.797000	0.000000
1.798000	0.000000
1.799000	0.000000
1.800000	0.000000
1.801000	0.000000
1.802000	0.000000
1.803000	0.000000
1.804000	0.000000
1.805000	0.000000
1.806000	0.000000
1.807000	0.000000
1.808000	0.000000
1.809000	0.000000
1.810000	0.000000
1.811000	0.000000
1.812000	0.000000
1.813000	0.000000
1.814000	0.000000
1.815000	0.000000
1.816000	0.000000
1.817000	0.000000
1.818000	0.000000
1.819000	0.000000
1.820000	0.000000
1.821000	0.000000
1.822000	0.000000
1.823000	0.000000
1.824000	0.000000
1.825000	0.000000
1.826000	0.000000
1.827000	0.000000
1.828000	0.000000
1.829000	0.000000
1.830000	0.000000
1.831000	0.000000
1.832000	0.000000
1.833000	0.000000
1.834000	0.000000
1.835000	0.000000
1.836000	0.000000
1.837000	0.000000
1.838000	0.000000
1.839000	0.000000
1.840000	0.000000
1.841000	0.000000
1.842000	0.000000
1.843000	0.000000
1.844000	0.000000
1.845000	0.000000
1.846000	0.000000
1.847000	0.000000
1.848000	0.000000
1.849000	0.000000
1.850000	0.000000
1.851000	0.000000
1.852000	0.000000
1.853000	0.000000
1.854000	0.000000
1.855000	0.000000
1.856000	0.000000
1.857000	0.000000
1.858000	0.000000
1.859000	0.000000
1.860000	0.000000
1.861000	0.000000
1.862000	0.000000
1.863000	0.000000
1.864000	0.000000
1.865000	0.000000
1.866000	0.000000
1.867000	0.000000
1.868000	0.000000
1.869000	0.000000
1.870000	0.000000
1.871000	0.000000
1.872000	0.000000
1.873000	0.000000
1.874000	0.000000
1.875000	0.000000
1.876000	0.000000
1.877000	0.000000
1.878000	0.000000
1.879000	0.000000
1.880000	0.000000
1.881000	0.000000
1.882000	0.000000
1.883000	0.000000
1.884000	0.000000
1.885000	0.000000
1.886000	0.000000
1.887000	0.000000
1.888000	0.000000
1.889000	0.000000
1.890000	0.000000
1.891000	0.000000
1.892000	0.000000
1.893000	0.000000
1.894000	0.000000
1.895000	0.000000
1.896000	0.000000
1.897000	0.000000
1.898000	0.000000
1.899000	0.000000
1.900000	0.000000
1.901000	0.000000
1.902000	0.000000
1.903000	0.000000
1.904000	0.000000
1.905000	0.000000
1.906000	0.000000
1.907000	0.000000
1.908000	0.000000
1.909000	0.000000
1.910000	0.000000
1.911000	0.000000
1.912000	0.000000
1.913000	0.000000
1.914000	0.000000
1.915000	0.000000
1.916000	0.000000
1.917000	0.000000
1.918000	0.000000
1.919000	0.000000
1.920000	0.000000
1.921000	0.000000
1.922000	0.000000
1.923000	0.000000
1.924000	0.000000
1.925000	0.000000
1.926000	0.000000
1.927000	0.000000
1.928000	0.000000
1.929000	0.000000
1.930000	0.000000
1.931000	0.000000
1.932000	0.000000
1.933000	0.000000
1.934000	0.000000
1.935000	0.000000
1.936000	0.000000
1.937000	0.000000
1.938000	0.000000
1.939000	0.000000
1.940000	0.000000
1.941000	0.000000
1.942000	0.000000
1.943000	0.000000
1.944000	0.000000
1.945000	0.000000
1.946000	0.000000
1.947000	0.000000
1.948000	0.000000
1.949000	0.000000
1.950000	0.000000
1.951000	0.000000
1.952000	0.000000
1.953000	0.000000
1.954000	0.000000
1.955000	0.000000
1.956000	0.000000
1.957000	0.000000
1.958000	0.000000
1.959000	0.000000
1.960000	0.000000
1.961000	0.000000
1.962000	0.000000
1.963000	0.000000
1.964000	0.000000
1.965000	0.000000
1.966000	0.000000
1.967000	0.000000
1.968000	0.000000
1.969000	0.000000
1.970000	0.000000
1.971000	0.000000
1.972000	0.000000
1.973000	0.000000
1.974000	0.000000
1.975000	0.000000
1.976000	0.000000
1.977000	0.000000
1.978000	0.000000
1.979000	0.000000
1.980000	0.000000
1.981000	0.000000
1.982000	0.000000
1.983000	0.000000
1.984000	0.000000
1.985000	0.000000
1.986000	0.000000
1.987000	0.000000
1.988000	0.000000
1.989000	0.000000
1.990000	0.000000
1.991000	0.000000
1.992000	0.000000
1.993000	0.000000
1.994000	0.000000
1.995000	0.000000
1.996000	0.000000
1.997000	0.000000
1.998000	0.000000
1.999000	0.000000
2.000000	0.000000
