-1.000000	0.000000	0.000000
1.000000	0.000000	0.000000
-0.900000	0.094833	0.097781
0.900000	0.094833	0.097781
-0.800000	0.231525	0.239234
0.800000	0.231525	0.239234
-0.700000	0.392191	0.389581
0.700000	0.392191	0.389581
-0.600000	0.532727	0.535367
0.600000	0.532727	0.535367
-0.500000	0.667893	0.668476
0.500000	0.667893	0.668476
-0.400000	0.777221	0.783413
0.400000	0.777221	0.783413
-0.300000	0.870330	0.876310
0.300000	0.870330	0.876310
-0.200000	0.941533	0.944452
0.200000	0.941533	0.944452
-0.100000	0.983512	0.986028
0.100000	0.983512	0.986028
0.000000	0.997537	1.000000
-0.000000	0.997537	1.000000
