-2.000000	0.000000
-1.999000	0.000000
-1.998000	0.000000
-1.997000	0.000000
-1.996000	0.000000
-1.995000	0.000000
-1.994000	0.000000
-1.993000	0.000000
-1.992000	0.000000
-1.991000	0.000000
-1.990000	0.000000
-1.989000	0.000000
-1.988000	0.000000
-1.987000	0.000000
-1.986000	0.000000
-1.985000	0.000000
-1.984000	0.000000
-1.983000	0.000000
-1.982000	0.000000
-1.981000	0.000000
-1.980000	0.000000
-1.979000	0.000000
-1.978000	0.000000
-1.977000	0.000000
-1.976000	0.000000
-1.975000	0.000000
-1.974000	0.000000
-1.973000	0.000000
-1.972000	0.000000
-1.971000	0.000000
-1.970000	0.000000
-1.969000	0.000000
-1.968000	0.000000
-1.967000	0.000000
-1.966000	0.000000
-1.965000	0.000000
-1.964000	0.000000
-1.963000	0.000000
-1.962000	0.000000
-1.961000	0.000000
-1.960000	0.000000
-1.959000	0.000000
-1.958000	0.000000
-1.957000	0.000000
-1.956000	0.000000
-1.955000	0.000000
-1.954000	0.000000
-1.953000	0.000000
-1.952000	0.000000
-1.951000	0.000000
-1.950000	0.000000
-1.949000	0.000000
-1.948000	0.000000
-1.947000	0.000000
-1.946000	0.000000
-1.945000	0.000000
-1.944000	0.000000
-1.943000	0.000000
-1.942000	0.000000
-1.941000	0.000000
-1.940000	0.000000
-1.939000	0.000000
-1.938000	0.000000
-1.937000	0.000000
-1.936000	0.000000
-1.935000	0.000000
-1.934000	0.000000
-1.933000	0.000000
-1.932000	0.000000
-1.931000	0.000000
-1.930000	0.000000
-1.929000	0.000000
-1.928000	0.000000
-1.927000	0.000000
-1.926000	0.000000
-1.925000	0.000000
-1.924000	0.000000
-1.923000	0.000000
-1.922000	0.000000
-1.921000	0.000000
-1.920000	0.000000
-1.919000	0.000000
-1.918000	0.000000
-1.917000	0.000000
-1.916000	0.000000
-1.915000	0.000000
-1.914000	0.000000
-1.913000	0.000000
-1.912000	0.000000
-1.911000	0.000000
-1.910000	0.000000
-1.909000	0.000000
-1.908000	0.000000
-1.907000	0.000000
-1.906000	0.000000
-1.905000	0.000000
-1.904000	0.000000
-1.903000	0.000000
-1.902000	0.000000
-1.901000	0.000000
-1.900000	0.000000
-1.899000	0.000000
-1.898000	0.000000
-1.897000	0.000000
-1.896000	0.000000
-1.895000	0.000000
-1.894000	0.000000
-1.893000	0.000000
-1.892000	0.000000
-1.891000	0.000000
-1.890000	0.000000
-1.889000	0.000000
-1.888000	0.000000
-1.887000	0.000000
-1.886000	0.000000
-1.885000	0.000000
-1.884000	0.000000
-1.883000	0.000000
-1.882000	0.000000
-1.881000	0.000000
-1.880000	0.000000
-1.879000	0.000000
-1.878000	0.000000
-1.877000	0.000000
-1.876000	0.000000
-1.875000	0.000000
-1.874000	0.000000
-1.873000	0.000000
-1.872000	0.000000
-1.871000	0.000000
-1.870000	0.000000
-1.869000	0.000000
-1.868000	0.000000
-1.867000	0.000000
-1.866000	0.000000
-1.865000	0.000000
-1.864000	0.000000
-1.863000	0.000000
-1.862000	0.000000
-1.861000	0.000000
-1.860000	0.000000
-1.859000	0.000000
-1.858000	0.000000
-1.857000	0.000000
-1.856000	0.000000
-1.855000	0.000000
-1.854000	0.000000
-1.853000	0.000000
-1.852000	0.000000
-1.851000	0.000000
-1.850000	0.000000
-1.849000	0.000000
-1.848000	0.000000
-1.847000	0.000000
-1.846000	0.000000
-1.845000	0.000000
-1.844000	0.000000
-1.843000	0.000000
-1.842000	0.000000
-1.841000	0.000000
-1.840000	0.000000
-1.839000	0.000000
-1.838000	0.000000
-1.837000	0.000000
-1.836000	0.000000
-1.835000	0.000000
-1.834000	0.000000
-1.833000	0.000000
-1.832000	0.000000
-1.831000	0.000000
-1.830000	0.000000
-1.829000	0.000000
-1.828000	0.000000
-1.827000	0.000000
-1.826000	0.000000
-1.825000	0.000000
-1.824000	0.000000
-1.823000	0.000000
-1.822000	0.000000
-1.821000	0.000000
-1.820000	0.000000
-1.819000	0.000000
-1.818000	0.000000
-1.817000	0.000000
-1.816000	0.000000
-1.815000	0.000000
-1.814000	0.000000
-1.813000	0.000000
-1.812000	0.000000
-1.811000	0.000000
-1.810000	0.000000
-1.809000	0.000000
-1.808000	0.000000
-1.807000	0.000000
-1.806000	0.000000
-1.805000	0.000000
-1.804000	0.000000
-1.803000	0.000000
-1.802000	0.000000
-1.801000	0.000000
-1.800000	0.000000
-1.799000	0.000000
-1.798000	0.000000
-1.797000	0.000000
-1.796000	0.000000
-1.795000	0.000000
-1.794000	0.000000
-1.793000	0.000000
-1.792000	0.000000
-1.791000	0.000000
-1.790000	0.000000
-1.789000	0.000000
-1.788000	0.000000
-1.787000	0.000000
-1.786000	0.000000
-1.785000	0.000000
-1.784000	0.000000
-1.783000	0.000000
-1.782000	0.000000
-1.781000	0.000000
-1.780000	0.000000
-1.779000	0.000000
-1.778000	0.000000
-1.777000	0.000000
-1.776000	0.000000
-1.775000	0.000000
-1.774000	0.000000
-1.773000	0.000000
-1.772000	0.000000
-1.771000	0.000000
-1.770000	0.000000
-1.769000	0.000000
-1.768000	0.000000
-1.767000	0.000000
-1.766000	0.000000
-1.765000	0.000000
-1.764000	0.000000
-1.763000	0.000000
-1.762000	0.000000
-1.761000	0.000000
-1.760000	0.000000
-1.759000	0.000000
-1.758000	0.000000
-1.757000	0.000000
-1.756000	0.000000
-1.755000	0.000000
-1.754000	0.000000
-1.753000	0.000000
-1.752000	0.000000
-1.751000	0.000000
-1.750000	0.000000
-1.749000	0.000000
-1.748000	0.000000
-1.747000	0.000000
-1.746000	0.000000
-1.745000	0.000000
-1.744000	0.000000
-1.743000	0.000000
-1.742000	0.000000
-1.741000	0.000000
-1.740000	0.000000
-1.739000	0.000000
-1.738000	0.000000
-1.737000	0.000000
-1.736000	0.000000
-1.735000	0.000000
-1.734000	0.000000
-1.733000	0.000000
-1.732000	0.000000
-1.731000	0.000000
-1.730000	0.000000
-1.729000	0.000000
-1.728000	0.000000
-1.727000	0.000000
-1.726000	0.000000
-1.725000	0.000000
-1.724000	0.000000
-1.723000	0.000000
-1.722000	0.000000
-1.721000	0.000000
-1.720000	0.000000
-1.719000	0.000000
-1.718000	0.000000
-1.717000	0.000000
-1.716000	0.000000
-1.715000	0.000000
-1.714000	0.000000
-1.713000	0.000000
-1.712000	0.000000
-1.711000	0.000000
-1.710000	0.000000
-1.709000	0.000000
-1.708000	0.000000
-1.707000	0.000000
-1.706000	0.000000
-1.705000	0.000000
-1.704000	0.000000
-1.703000	0.000000
-1.702000	0.000000
-1.701000	0.000000
-1.700000	0.000000
-1.699000	0.000000
-1.698000	0.000000
-1.697000	0.000000
-1.696000	0.000000
-1.695000	0.000000
-1.694000	0.000000
-1.693000	0.000000
-1.692000	0.000000
-1.691000	0.000000
-1.690000	0.000000
-1.689000	0.000000
-1.688000	0.000000
-1.687000	0.000000
-1.686000	0.000000
-1.685000	0.000000
-1.684000	0.000000
-1.683000	0.000000
-1.682000	0.000000
-1.681000	0.000000
-1.680000	0.000000
-1.679000	0.000000
-1.678000	0.000000
-1.677000	0.000000
-1.676000	0.000000
-1.675000	0.000000
-1.674000	0.000000
-1.673000	0.000000
-1.672000	0.000000
-1.671000	0.000000
-1.670000	0.000000
-1.669000	0.000000
-1.668000	0.000000
-1.667000	0.000000
-1.666000	0.000000
-1.665000	0.000000
-1.664000	0.000000
-1.663000	0.000000
-1.662000	0.000000
-1.661000	0.000000
-1.660000	0.000000
-1.659000	0.000000
-1.658000	0.000000
-1.657000	0.000000
-1.656000	0.000000
-1.655000	0.000000
-1.654000	0.000000
-1.653000	0.000000
-1.652000	0.000000
-1.651000	0.000000
-1.650000	0.000000
-1.649000	0.000000
-1.648000	0.000000
-1.647000	0.000000
-1.646000	0.000000
-1.645000	0.000000
-1.644000	0.000000
-1.643000	0.000000
-1.642000	0.000000
-1.641000	0.000000
-1.640000	0.000000
-1.639000	0.000000
-1.638000	0.000000
-1.637000	0.000000
-1.636000	0.000000
-1.635000	0.000000
-1.634000	0.000000
-1.633000	0.000000
-1.632000	0.000000
-1.631000	0.000000
-1.630000	0.000000
-1.629000	0.000000
-1.628000	0.000000
-1.627000	0.000000
-1.626000	0.000000
-1.625000	0.000000
-1.624000	0.000000
-1.623000	0.000000
-1.622000	0.000000
-1.621000	0.000000
-1.620000	0.000000
-1.619000	0.000000
-1.618000	0.000000
-1.617000	0.000000
-1.616000	0.000000
-1.615000	0.000000
-1.614000	0.000000
-1.613000	0.000000
-1.612000	0.000000
-1.611000	0.000000
-1.610000	0.000000
-1.609000	0.000000
-1.608000	0.000000
-1.607000	0.000000
-1.606000	0.000000
-1.605000	0.000000
-1.604000	0.000000
-1.603000	0.000000
-1.602000	0.000000
-1.601000	0.000000
-1.600000	0.000000
-1.599000	0.000000
-1.598000	0.000000
-1.597000	0.000000
-1.596000	0.000000
-1.595000	0.000000
-1.594000	0.000000
-1.593000	0.000000
-1.592000	0.000000
-1.591000	0.000000
-1.590000	0.000000
-1.589000	0.000000
-1.588000	0.000000
-1.587000	0.000000
-1.586000	0.000000
-1.585000	0.000000
-1.584000	0.000000
-1.583000	0.000000
-1.582000	0.000000
-1.581000	0.000000
-1.580000	0.000000
-1.579000	0.000000
-1.578000	0.000000
-1.577000	0.000000
-1.576000	0.000000
-1.575000	0.000000
-1.574000	0.000000
-1.573000	0.000000
-1.572000	0.000000
-1.571000	0.000000
-1.570000	0.000000
-1.569000	0.000000
-1.568000	0.000000
-1.567000	0.000000
-1.566000	0.000000
-1.565000	0.000000
-1.564000	0.000000
-1.563000	0.000000
-1.562000	0.000000
-1.561000	0.000000
-1.560000	0.000000
-1.559000	0.000000
-1.558000	0.000000
-1.557000	0.000000
-1.556000	0.000000
-1.555000	0.000000
-1.554000	0.000000
-1.553000	0.000000
-1.552000	0.000000
-1.551000	0.000000
-1.550000	0.000000
-1.549000	0.000000
-1.548000	0.000000
-1.547000	0.000000
-1.546000	0.000000
-1.545000	0.000000
-1.544000	0.000000
-1.543000	0.000000
-1.542000	0.000000
-1.541000	0.000000
-1.540000	0.000000
-1.539000	0.000000
-1.538000	0.000000
-1.537000	0.000000
-1.536000	0.000000
-1.535000	0.000000
-1.534000	0.000000
-1.533000	0.000000
-1.532000	0.000000
-1.531000	0.000000
-1.530000	0.000000
-1.529000	0.000000
-1.528000	0.000000
-1.527000	0.000000
-1.526000	0.000000
-1.525000	0.000000
-1.524000	0.000000
-1.523000	0.000000
-1.522000	0.000000
-1.521000	0.000000
-1.520000	0.000000
-1.519000	0.000000
-1.518000	0.000000
-1.517000	0.000000
-1.516000	0.000000
-1.515000	0.000000
-1.514000	0.000000
-1.513000	0.000000
-1.512000	0.000000
-1.511000	0.000000
-1.510000	0.000000
-1.509000	0.000000
-1.508000	0.000000
-1.507000	0.000000
-1.506000	0.000000
-1.505000	0.000000
-1.504000	0.000000
-1.503000	0.000000
-1.502000	0.000000
-1.501000	0.000000
-1.500000	0.000000
-1.499000	0.000000
-1.498000	0.000000
-1.497000	0.000000
-1.496000	0.000000
-1.495000	0.000000
-1.494000	0.000000
-1.493000	0.000000
-1.492000	0.000000
-1.491000	0.000000
-1.490000	0.000000
-1.489000	0.000000
-1.488000	0.000000
-1.487000	0.000000
-1.486000	0.000000
-1.485000	0.000000
-1.484000	0.000000
-1.483000	0.000000
-1.482000	0.000000
-1.481000	0.000000
-1.480000	0.000000
-1.479000	0.000000
-1.478000	0.000000
-1.477000	0.000000
-1.476000	0.000000
-1.475000	0.000000
-1.474000	0.000000
-1.473000	0.000000
-1.472000	0.000000
-1.471000	0.000000
-1.470000	0.000000
-1.469000	0.000000
-1.468000	0.000000
-1.467000	0.000000
-1.466000	0.000000
-1.465000	0.000000
-1.464000	0.000000
-1.463000	0.000000
-1.462000	0.000000
-1.461000	0.000000
-1.460000	0.000000
-1.459000	0.000000
-1.458000	0.000000
-1.457000	0.000000
-1.456000	0.000000
-1.455000	0.000000
-1.454000	0.000000
-1.453000	0.000000
-1.452000	0.000000
-1.451000	0.000000
-1.450000	0.000000
-1.449000	0.000000
-1.448000	0.000000
-1.447000	0.000000
-1.446000	0.000000
-1.445000	0.000000
-1.444000	0.000000
-1.443000	0.000000
-1.442000	0.000000
-1.441000	0.000000
-1.440000	0.000000
-1.439000	0.000000
-1.438000	0.000000
-1.437000	0.000000
-1.436000	0.000000
-1.435000	0.000000
-1.434000	0.000000
-1.433000	0.000000
-1.432000	0.000000
-1.431000	0.000000
-1.430000	0.000000
-1.429000	0.000000
-1.428000	0.000000
-1.427000	0.000000
-1.426000	0.000000
-1.425000	0.000000
-1.424000	0.000000
-1.423000	0.000000
-1.422000	0.000000
-1.421000	0.000000
-1.420000	0.000000
-1.419000	0.000000
-1.418000	0.000000
-1.417000	0.000000
-1.416000	0.000000
-1.415000	0.000000
-1.414000	0.000000
-1.413000	0.000000
-1.412000	0.000000
-1.411000	0.000000
-1.410000	0.000000
-1.409000	0.000000
-1.408000	0.000000
-1.407000	0.000000
-1.406000	0.000000
-1.405000	0.000000
-1.404000	0.000000
-1.403000	0.000000
-1.402000	0.000000
-1.401000	0.000000
-1.400000	0.000000
-1.399000	0.000000
-1.398000	0.000000
-1.397000	0.000000
-1.396000	0.000000
-1.395000	0.000000
-1.394000	0.000000
-1.393000	0.000000
-1.392000	0.000000
-1.391000	0.000000
-1.390000	0.000000
-1.389000	0.000000
-1.388000	0.000000
-1.387000	0.000000
-1.386000	0.000000
-1.385000	0.000000
-1.384000	0.000000
-1.383000	0.000000
-1.382000	0.000000
-1.381000	0.000000
-1.380000	0.000000
-1.379000	0.000000
-1.378000	0.000000
-1.377000	0.000000
-1.376000	0.000000
-1.375000	0.000000
-1.374000	0.000000
-1.373000	0.000000
-1.372000	0.000000
-1.371000	0.000000
-1.370000	0.000000
-1.369000	0.000000
-1.368000	0.000000
-1.367000	0.000000
-1.366000	0.000000
-1.365000	0.000000
-1.364000	0.000000
-1.363000	0.000000
-1.362000	0.000000
-1.361000	0.000000
-1.360000	0.000000
-1.359000	0.000000
-1.358000	0.000000
-1.357000	0.000000
-1.356000	0.000000
-1.355000	0.000000
-1.354000	0.000000
-1.353000	0.000000
-1.352000	0.000000
-1.351000	0.000000
-1.350000	0.000000
-1.349000	0.000000
-1.348000	0.000000
-1.347000	0.000000
-1.346000	0.000000
-1.345000	0.000000
-1.344000	0.000000
-1.343000	0.000000
-1.342000	0.000000
-1.341000	0.000000
-1.340000	0.000000
-1.339000	0.000000
-1.338000	0.000000
-1.337000	0.000000
-1.336000	0.000000
-1.335000	0.000000
-1.334000	0.000000
-1.333000	0.000000
-1.332000	0.000000
-1.331000	0.000000
-1.330000	0.000000
-1.329000	0.000000
-1.328000	0.000000
-1.327000	0.000000
-1.326000	0.000000
-1.325000	0.000000
-1.324000	0.000000
-1.323000	0.000000
-1.322000	0.000000
-1.321000	0.000000
-1.320000	0.000000
-1.319000	0.000000
-1.318000	0.000000
-1.317000	0.000000
-1.316000	0.000000
-1.315000	0.000000
-1.314000	0.000000
-1.313000	0.000000
-1.312000	0.000000
-1.311000	0.000000
-1.310000	0.000000
-1.309000	0.000000
-1.308000	0.000000
-1.307000	0.000000
-1.306000	0.000000
-1.305000	0.000000
-1.304000	0.000000
-1.303000	0.000000
-1.302000	0.000000
-1.301000	0.000000
-1.300000	0.000000
-1.299000	0.000000
-1.298000	0.000000
-1.297000	0.000000
-1.296000	0.000000
-1.295000	0.000000
-1.294000	0.000000
-1.293000	0.000000
-1.292000	0.000000
-1.291000	0.000000
-1.290000	0.000000
-1.289000	0.000000
-1.288000	0.000000
-1.287000	0.000000
-1.286000	0.000000
-1.285000	0.000000
-1.284000	0.000000
-1.283000	0.000000
-1.282000	0.000000
-1.281000	0.000000
-1.280000	0.000000
-1.279000	0.000000
-1.278000	0.000000
-1.277000	0.000000
-1.276000	0.000000
-1.275000	0.000000
-1.274000	0.000000
-1.273000	0.000000
-1.272000	0.000000
-1.271000	0.000000
-1.270000	0.000000
-1.269000	0.000000
-1.268000	0.000000
-1.267000	0.000000
-1.266000	0.000000
-1.265000	0.000000
-1.264000	0.000000
-1.263000	0.000000
-1.262000	0.000000
-1.261000	0.000000
-1.260000	0.000000
-1.259000	0.000000
-1.258000	0.000000
-1.257000	0.000000
-1.256000	0.000000
-1.255000	0.000000
-1.254000	0.000000
-1.253000	0.000000
-1.252000	0.000000
-1.251000	0.000000
-1.250000	0.000000
-1.249000	0.000000
-1.248000	0.000000
-1.247000	0.000000
-1.246000	0.000000
-1.245000	0.000000
-1.244000	0.000000
-1.243000	0.000000
-1.242000	0.000000
-1.241000	0.000000
-1.240000	0.000000
-1.239000	0.000000
-1.238000	0.000000
-1.237000	0.000000
-1.236000	0.000000
-1.235000	0.000000
-1.234000	0.000000
-1.233000	0.000000
-1.232000	0.000000
-1.231000	0.000000
-1.230000	0.000000
-1.229000	0.000000
-1.228000	0.000000
-1.227000	0.000000
-1.226000	0.000000
-1.225000	0.000000
-1.224000	0.000000
-1.223000	0.000000
-1.222000	0.000000
-1.221000	0.000000
-1.220000	0.000000
-1.219000	0.000000
-1.218000	0.000000
-1.217000	0.000000
-1.216000	0.000000
-1.215000	0.000000
-1.214000	0.000000
-1.213000	0.000000
-1.212000	0.000000
-1.211000	0.000000
-1.210000	0.000000
-1.209000	0.000000
-1.208000	0.000000
-1.207000	0.000000
-1.206000	0.000000
-1.205000	0.000000
-1.204000	0.000000
-1.203000	0.000000
-1.202000	0.000000
-1.201000	0.000000
-1.200000	0.000000
-1.199000	0.000000
-1.198000	0.000000
-1.197000	0.000000
-1.196000	0.000000
-1.195000	0.000000
-1.194000	0.000000
-1.193000	0.000000
-1.192000	0.000000
-1.191000	0.000000
-1.190000	0.000000
-1.189000	0.000000
-1.188000	0.000000
-1.187000	0.000000
-1.186000	0.000000
-1.185000	0.000000
-1.184000	0.000000
-1.183000	0.000000
-1.182000	0.000000
-1.181000	0.000000
-1.180000	0.000000
-1.179000	0.000000
-1.178000	0.000000
-1.177000	0.000000
-1.176000	0.000000
-1.175000	0.000000
-1.174000	0.000000
-1.173000	0.000000
-1.172000	0.000000
-1.171000	0.000000
-1.170000	0.000000
-1.169000	0.000000
-1.168000	0.000000
-1.167000	0.000000
-1.166000	0.000000
-1.165000	0.000000
-1.164000	0.000000
-1.163000	0.000000
-1.162000	0.000000
-1.161000	0.000000
-1.160000	0.000000
-1.159000	0.000000
-1.158000	0.000000
-1.157000	0.000000
-1.156000	0.000000
-1.155000	0.000000
-1.154000	0.000000
-1.153000	0.000000
-1.152000	0.000000
-1.151000	0.000000
-1.150000	0.000000
-1.149000	0.000000
-1.148000	0.000000
-1.147000	0.000000
-1.146000	0.000000
-1.145000	0.000000
-1.144000	0.000000
-1.143000	0.000000
-1.142000	0.000000
-1.141000	0.000000
-1.140000	0.000000
-1.139000	0.000000
-1.138000	0.000000
-1.137000	0.000000
-1.136000	0.000000
-1.135000	0.000000
-1.134000	0.000000
-1.133000	0.000000
-1.132000	0.000000
-1.131000	0.000000
-1.130000	0.000000
-1.129000	0.000000
-1.128000	0.000000
-1.127000	0.000000
-1.126000	0.000000
-1.125000	0.000000
-1.124000	0.000000
-1.123000	0.000000
-1.122000	0.000000
-1.121000	0.000000
-1.120000	0.000000
-1.119000	0.000000
-1.118000	0.000000
-1.117000	0.000000
-1.116000	0.000000
-1.115000	0.000000
-1.114000	0.000000
-1.113000	0.000000
-1.112000	0.000000
-1.111000	0.000000
-1.110000	0.000000
-1.109000	0.000000
-1.108000	0.000000
-1.107000	0.000000
-1.106000	0.000000
-1.105000	0.000000
-1.104000	0.000000
-1.103000	0.000000
-1.102000	0.000000
-1.101000	0.000000
-1.100000	0.000000
-1.099000	0.000000
-1.098000	0.000000
-1.097000	0.000000
-1.096000	0.000000
-1.095000	0.000000
-1.094000	0.000000
-1.093000	0.000000
-1.092000	0.000000
-1.091000	0.000000
-1.090000	0.000000
-1.089000	0.000000
-1.088000	0.000000
-1.087000	0.000000
-1.086000	0.000000
-1.085000	0.000000
-1.084000	0.000000
-1.083000	0.000000
-1.082000	0.000000
-1.081000	0.000000
-1.080000	0.000000
-1.079000	0.000000
-1.078000	0.000000
-1.077000	0.000000
-1.076000	0.000000
-1.075000	0.000000
-1.074000	0.000000
-1.073000	0.000000
-1.072000	0.000000
-1.071000	0.000000
-1.070000	0.000000
-1.069000	0.000000
-1.068000	0.000000
-1.067000	0.000000
-1.066000	0.000000
-1.065000	0.000000
-1.064000	0.000000
-1.063000	0.000000
-1.062000	0.000000
-1.061000	0.000000
-1.060000	0.000000
-1.059000	0.000000
-1.058000	0.000000
-1.057000	0.000000
-1.056000	0.000000
-1.055000	0.000000
-1.054000	0.000000
-1.053000	0.000000
-1.052000	0.000000
-1.051000	0.000000
-1.050000	0.000000
-1.049000	0.000000
-1.048000	0.000000
-1.047000	0.000000
-1.046000	0.000000
-1.045000	0.000000
-1.044000	0.000000
-1.043000	0.000000
-1.042000	0.000000
-1.041000	0.000000
-1.040000	0.000000
-1.039000	0.000000
-1.038000	0.000000
-1.037000	0.000000
-1.036000	0.000000
-1.035000	0.000000
-1.034000	0.000000
-1.033000	0.000000
-1.032000	0.000000
-1.031000	0.000000
-1.030000	0.000000
-1.029000	0.000000
-1.028000	0.000000
-1.027000	0.000000
-1.026000	0.000000
-1.025000	0.000000
-1.024000	0.000000
-1.023000	0.000000
-1.022000	0.000000
-1.021000	0.000000
-1.020000	0.000000
-1.019000	0.000000
-1.018000	0.000000
-1.017000	0.000000
-1.016000	0.000000
-1.015000	0.000000
-1.014000	0.000000
-1.013000	0.000000
-1.012000	0.000000
-1.011000	0.000000
-1.010000	0.000000
-1.009000	0.000000
-1.008000	0.000000
-1.007000	0.000000
-1.006000	0.000000
-1.005000	0.000000
-1.004000	0.000000
-1.003000	0.000000
-1.002000	0.000000
-1.001000	0.000000
-1.000000	0.000000
-0.999000	0.009454
-0.998000	0.015893
-0.997000	0.021534
-0.996000	0.026709
-0.995000	0.031563
-0.994000	0.036175
-0.993000	0.040593
-0.992000	0.044852
-0.991000	0.048976
-0.990000	0.052983
-0.989000	0.056888
-0.988000	0.060701
-0.987000	0.064433
-0.986000	0.068090
-0.985000	0.071678
-0.984000	0.075205
-0.983000	0.078674
-0.982000	0.082088
-0.981000	0.085453
-0.980000	0.088771
-0.979000	0.092045
-0.978000	0.095277
-0.977000	0.098469
-0.976000	0.101625
-0.975000	0.104744
-0.974000	0.107830
-0.973000	0.110884
-0.972000	0.113907
-0.971000	0.116900
-0.970000	0.119865
-0.969000	0.122802
-0.968000	0.125713
-0.967000	0.128599
-0.966000	0.131461
-0.965000	0.134299
-0.964000	0.137114
-0.963000	0.139908
-0.962000	0.142680
-0.961000	0.145431
-0.960000	0.148162
-0.959000	0.150874
-0.958000	0.153566
-0.957000	0.156241
-0.956000	0.158897
-0.955000	0.161536
-0.954000	0.164158
-0.953000	0.166763
-0.952000	0.169352
-0.951000	0.171925
-0.950000	0.174483
-0.949000	0.177026
-0.948000	0.179554
-0.947000	0.182067
-0.946000	0.184566
-0.945000	0.187052
-0.944000	0.189524
-0.943000	0.191982
-0.942000	0.194428
-0.941000	0.196860
-0.940000	0.199280
-0.939000	0.201688
-0.938000	0.204084
-0.937000	0.206468
-0.936000	0.208840
-0.935000	0.211201
-0.934000	0.213550
-0.933000	0.215889
-0.932000	0.218216
-0.931000	0.220533
-0.930000	0.222839
-0.929000	0.225135
-0.928000	0.227421
-0.927000	0.229696
-0.926000	0.231962
-0.925000	0.234217
-0.924000	0.236463
-0.923000	0.238700
-0.922000	0.240927
-0.921000	0.243145
-0.920000	0.245354
-0.919000	0.247554
-0.918000	0.249745
-0.917000	0.251927
-0.916000	0.254101
-0.915000	0.256266
-0.914000	0.258422
-0.913000	0.260571
-0.912000	0.262711
-0.911000	0.264843
-0.910000	0.266967
-0.909000	0.269083
-0.908000	0.271191
-0.907000	0.273291
-0.906000	0.275384
-0.905000	0.277469
-0.904000	0.279546
-0.903000	0.281616
-0.902000	0.283679
-0.901000	0.285735
-0.900000	0.287783
-0.899000	0.289824
-0.898000	0.291858
-0.897000	0.293886
-0.896000	0.295906
-0.895000	0.297919
-0.894000	0.299926
-0.893000	0.301926
-0.892000	0.303920
-0.891000	0.305906
-0.890000	0.307887
-0.889000	0.309860
-0.888000	0.311828
-0.887000	0.313789
-0.886000	0.315744
-0.885000	0.317692
-0.884000	0.319635
-0.883000	0.321571
-0.882000	0.323501
-0.881000	0.325426
-0.880000	0.327344
-0.879000	0.329256
-0.878000	0.331163
-0.877000	0.333063
-0.876000	0.334958
-0.875000	0.336848
-0.874000	0.338731
-0.873000	0.340609
-0.872000	0.342481
-0.871000	0.344348
-0.870000	0.346209
-0.869000	0.348065
-0.868000	0.349915
-0.867000	0.351760
-0.866000	0.353600
-0.865000	0.355434
-0.864000	0.357263
-0.863000	0.359087
-0.862000	0.360906
-0.861000	0.362719
-0.860000	0.364528
-0.859000	0.366331
-0.858000	0.368129
-0.857000	0.369923
-0.856000	0.371711
-0.855000	0.373494
-0.854000	0.375273
-0.853000	0.377046
-0.852000	0.378815
-0.851000	0.380579
-0.850000	0.382338
-0.849000	0.384092
-0.848000	0.385842
-0.847000	0.387587
-0.846000	0.389327
-0.845000	0.391062
-0.844000	0.392793
-0.843000	0.394520
-0.842000	0.396242
-0.841000	0.397959
-0.840000	0.399672
-0.839000	0.401380
-0.838000	0.403084
-0.837000	0.404783
-0.836000	0.406478
-0.835000	0.408169
-0.834000	0.409855
-0.833000	0.411537
-0.832000	0.413215
-0.831000	0.414888
-0.830000	0.416558
-0.829000	0.418222
-0.828000	0.419883
-0.827000	0.421540
-0.826000	0.423192
-0.825000	0.424840
-0.824000	0.426484
-0.823000	0.428124
-0.822000	0.429760
-0.821000	0.431392
-0.820000	0.433020
-0.819000	0.434644
-0.818000	0.436264
-0.817000	0.437879
-0.816000	0.439491
-0.815000	0.441099
-0.814000	0.442703
-0.813000	0.444303
-0.812000	0.445900
-0.811000	0.447492
-0.810000	0.449080
-0.809000	0.450665
-0.808000	0.452246
-0.807000	0.453823
-0.806000	0.455396
-0.805000	0.456966
-0.804000	0.458532
-0.803000	0.460094
-0.802000	0.461652
-0.801000	0.463207
-0.800000	0.464758
-0.799000	0.466305
-0.798000	0.467849
-0.797000	0.469389
-0.796000	0.470926
-0.795000	0.472459
-0.794000	0.473988
-0.793000	0.475514
-0.792000	0.477036
-0.791000	0.478554
-0.790000	0.480070
-0.789000	0.481581
-0.788000	0.483089
-0.787000	0.484594
-0.786000	0.486095
-0.785000	0.487593
-0.784000	0.489087
-0.783000	0.490578
-0.782000	0.492066
-0.781000	0.493550
-0.780000	0.495031
-0.779000	0.496508
-0.778000	0.497982
-0.777000	0.499453
-0.776000	0.500920
-0.775000	0.502384
-0.774000	0.503845
-0.773000	0.505302
-0.772000	0.506756
-0.771000	0.508207
-0.770000	0.509654
-0.769000	0.511099
-0.768000	0.512540
-0.767000	0.513978
-0.766000	0.515412
-0.765000	0.516844
-0.764000	0.518272
-0.763000	0.519697
-0.762000	0.521119
-0.761000	0.522538
-0.760000	0.523954
-0.759000	0.525366
-0.758000	0.526776
-0.757000	0.528182
-0.756000	0.529585
-0.755000	0.530985
-0.754000	0.532382
-0.753000	0.533776
-0.752000	0.535167
-0.751000	0.536555
-0.750000	0.537940
-0.749000	0.539321
-0.748000	0.540700
-0.747000	0.542076
-0.746000	0.543449
-0.745000	0.544818
-0.744000	0.546185
-0.743000	0.547549
-0.742000	0.548910
-0.741000	0.550268
-0.740000	0.551622
-0.739000	0.552974
-0.738000	0.554324
-0.737000	0.555670
-0.736000	0.557013
-0.735000	0.558353
-0.734000	0.559691
-0.733000	0.561025
-0.732000	0.562357
-0.731000	0.563686
-0.730000	0.565012
-0.729000	0.566335
-0.728000	0.567655
-0.727000	0.568972
-0.726000	0.570287
-0.725000	0.571599
-0.724000	0.572908
-0.723000	0.574214
-0.722000	0.575517
-0.721000	0.576818
-0.720000	0.578116
-0.719000	0.579411
-0.718000	0.580703
-0.717000	0.581993
-0.716000	0.583280
-0.715000	0.584564
-0.714000	0.585845
-0.713000	0.587123
-0.712000	0.588399
-0.711000	0.589673
-0.710000	0.590943
-0.709000	0.592211
-0.708000	0.593476
-0.707000	0.594738
-0.706000	0.595998
-0.705000	0.597255
-0.704000	0.598509
-0.703000	0.599761
-0.702000	0.601010
-0.701000	0.602257
-0.700000	0.603500
-0.699000	0.604742
-0.698000	0.605980
-0.697000	0.607216
-0.696000	0.608450
-0.695000	0.609680
-0.694000	0.610908
-0.693000	0.612134
-0.692000	0.613357
-0.691000	0.614577
-0.690000	0.615795
-0.689000	0.617010
-0.688000	0.618223
-0.687000	0.619433
-0.686000	0.620641
-0.685000	0.621846
-0.684000	0.623049
-0.683000	0.624249
-0.682000	0.625446
-0.681000	0.626641
-0.680000	0.627833
-0.679000	0.629023
-0.678000	0.630211
-0.677000	0.631396
-0.676000	0.632578
-0.675000	0.633758
-0.674000	0.634936
-0.673000	0.636111
-0.672000	0.637283
-0.671000	0.638453
-0.670000	0.639621
-0.669000	0.640786
-0.668000	0.641949
-0.667000	0.643109
-0.666000	0.644267
-0.665000	0.645423
-0.664000	0.646576
-0.663000	0.647726
-0.662000	0.648875
-0.661000	0.650020
-0.660000	0.651164
-0.659000	0.652305
-0.658000	0.653443
-0.657000	0.654580
-0.656000	0.655713
-0.655000	0.656845
-0.654000	0.657974
-0.653000	0.659101
-0.652000	0.660225
-0.651000	0.661347
-0.650000	0.662467
-0.649000	0.663584
-0.648000	0.664699
-0.647000	0.665811
-0.646000	0.666922
-0.645000	0.668030
-0.644000	0.669135
-0.643000	0.670238
-0.642000	0.671339
-0.641000	0.672438
-0.640000	0.673534
-0.639000	0.674628
-0.638000	0.675720
-0.637000	0.676810
-0.636000	0.677897
-0.635000	0.678982
-0.634000	0.680064
-0.633000	0.681144
-0.632000	0.682222
-0.631000	0.683298
-0.630000	0.684372
-0.629000	0.685443
-0.628000	0.686512
-0.627000	0.687579
-0.626000	0.688643
-0.625000	0.689705
-0.624000	0.690765
-0.623000	0.691823
-0.622000	0.692878
-0.621000	0.693932
-0.620000	0.694983
-0.619000	0.696031
-0.618000	0.697078
-0.617000	0.698122
-0.616000	0.699165
-0.615000	0.700205
-0.614000	0.701242
-0.613000	0.702278
-0.612000	0.703311
-0.611000	0.704342
-0.610000	0.705371
-0.609000	0.706398
-0.608000	0.707423
-0.607000	0.708445
-0.606000	0.709466
-0.605000	0.710484
-0.604000	0.711500
-0.603000	0.712513
-0.602000	0.713525
-0.601000	0.714534
-0.600000	0.715542
-0.599000	0.716547
-0.598000	0.717550
-0.597000	0.718551
-0.596000	0.719550
-0.595000	0.720546
-0.594000	0.721541
-0.593000	0.722533
-0.592000	0.723523
-0.591000	0.724511
-0.590000	0.725497
-0.589000	0.726481
-0.588000	0.727463
-0.587000	0.728442
-0.586000	0.729420
-0.585000	0.730395
-0.584000	0.731369
-0.583000	0.732340
-0.582000	0.733309
-0.581000	0.734276
-0.580000	0.735241
-0.579000	0.736204
-0.578000	0.737165
-0.577000	0.738124
-0.576000	0.739080
-0.575000	0.740035
-0.574000	0.740987
-0.573000	0.741938
-0.572000	0.742886
-0.571000	0.743832
-0.570000	0.744777
-0.569000	0.745719
-0.568000	0.746659
-0.567000	0.747597
-0.566000	0.748533
-0.565000	0.749467
-0.564000	0.750399
-0.563000	0.751329
-0.562000	0.752257
-0.561000	0.753183
-0.560000	0.754107
-0.559000	0.755029
-0.558000	0.755949
-0.557000	0.756866
-0.556000	0.757782
-0.555000	0.758696
-0.554000	0.759608
-0.553000	0.760518
-0.552000	0.761425
-0.551000	0.762331
-0.550000	0.763235
-0.549000	0.764137
-0.548000	0.765036
-0.547000	0.765934
-0.546000	0.766830
-0.545000	0.767724
-0.544000	0.768615
-0.543000	0.769505
-0.542000	0.770393
-0.541000	0.771279
-0.540000	0.772163
-0.539000	0.773045
-0.538000	0.773925
-0.537000	0.774803
-0.536000	0.775679
-0.535000	0.776553
-0.534000	0.777425
-0.533000	0.778295
-0.532000	0.779163
-0.531000	0.780029
-0.530000	0.780894
-0.529000	0.781756
-0.528000	0.782617
-0.527000	0.783475
-0.526000	0.784331
-0.525000	0.785186
-0.524000	0.786039
-0.523000	0.786889
-0.522000	0.787738
-0.521000	0.788585
-0.520000	0.789430
-0.519000	0.790273
-0.518000	0.791114
-0.517000	0.791953
-0.516000	0.792790
-0.515000	0.793626
-0.514000	0.794459
-0.513000	0.795291
-0.512000	0.796120
-0.511000	0.796948
-0.510000	0.797774
-0.509000	0.798598
-0.508000	0.799420
-0.507000	0.800240
-0.506000	0.801058
-0.505000	0.801874
-0.504000	0.802689
-0.503000	0.803501
-0.502000	0.804312
-0.501000	0.805121
-0.500000	0.805927
-0.499000	0.806732
-0.498000	0.807536
-0.497000	0.808337
-0.496000	0.809136
-0.495000	0.809934
-0.494000	0.810729
-0.493000	0.811523
-0.492000	0.812315
-0.491000	0.813105
-0.490000	0.813893
-0.489000	0.814679
-0.488000	0.815464
-0.487000	0.816246
-0.486000	0.817027
-0.485000	0.817806
-0.484000	0.818583
-0.483000	0.819358
-0.482000	0.820131
-0.481000	0.820903
-0.480000	0.821673
-0.479000	0.822440
-0.478000	0.823206
-0.477000	0.823970
-0.476000	0.824733
-0.475000	0.825493
-0.474000	0.826252
-0.473000	0.827009
-0.472000	0.827764
-0.471000	0.828517
-0.470000	0.829268
-0.469000	0.830017
-0.468000	0.830765
-0.467000	0.831511
-0.466000	0.832255
-0.465000	0.832997
-0.464000	0.833738
-0.463000	0.834476
-0.462000	0.835213
-0.461000	0.835948
-0.460000	0.836681
-0.459000	0.837412
-0.458000	0.838142
-0.457000	0.838870
-0.456000	0.839596
-0.455000	0.840320
-0.454000	0.841042
-0.453000	0.841763
-0.452000	0.842482
-0.451000	0.843198
-0.450000	0.843914
-0.449000	0.844627
-0.448000	0.845339
-0.447000	0.846048
-0.446000	0.846757
-0.445000	0.847463
-0.444000	0.848167
-0.443000	0.848870
-0.442000	0.849571
-0.441000	0.850270
-0.440000	0.850967
-0.439000	0.851663
-0.438000	0.852357
-0.437000	0.853049
-0.436000	0.853739
-0.435000	0.854428
-0.434000	0.855114
-0.433000	0.855799
-0.432000	0.856483
-0.431000	0.857164
-0.430000	0.857844
-0.429000	0.858522
-0.428000	0.859198
-0.427000	0.859872
-0.426000	0.860545
-0.425000	0.861216
-0.424000	0.861885
-0.423000	0.862552
-0.422000	0.863218
-0.421000	0.863882
-0.420000	0.864544
-0.419000	0.865205
-0.418000	0.865863
-0.417000	0.866520
-0.416000	0.867176
-0.415000	0.867829
-0.414000	0.868481
-0.413000	0.869131
-0.412000	0.869779
-0.411000	0.870426
-0.410000	0.871071
-0.409000	0.871714
-0.408000	0.872355
-0.407000	0.872995
-0.406000	0.873633
-0.405000	0.874269
-0.404000	0.874903
-0.403000	0.875536
-0.402000	0.876167
-0.401000	0.876796
-0.400000	0.877424
-0.399000	0.878050
-0.398000	0.878674
-0.397000	0.879296
-0.396000	0.879917
-0.395000	0.880536
-0.394000	0.881153
-0.393000	0.881769
-0.392000	0.882383
-0.391000	0.882995
-0.390000	0.883606
-0.389000	0.884214
-0.388000	0.884821
-0.387000	0.885427
-0.386000	0.886031
-0.385000	0.886633
-0.384000	0.887233
-0.383000	0.887831
-0.382000	0.888428
-0.381000	0.889024
-0.380000	0.889617
-0.379000	0.890209
-0.378000	0.890799
-0.377000	0.891387
-0.376000	0.891974
-0.375000	0.892559
-0.374000	0.893143
-0.373000	0.893724
-0.372000	0.894304
-0.371000	0.894883
-0.370000	0.895459
-0.369000	0.896034
-0.368000	0.896608
-0.367000	0.897179
-0.366000	0.897749
-0.365000	0.898317
-0.364000	0.898884
-0.363000	0.899449
-0.362000	0.900012
-0.361000	0.900574
-0.360000	0.901134
-0.359000	0.901692
-0.358000	0.902248
-0.357000	0.902803
-0.356000	0.903356
-0.355000	0.903908
-0.354000	0.904458
-0.353000	0.905006
-0.352000	0.905553
-0.351000	0.906098
-0.350000	0.906641
-0.349000	0.907183
-0.348000	0.907723
-0.347000	0.908261
-0.346000	0.908797
-0.345000	0.909332
-0.344000	0.909866
-0.343000	0.910397
-0.342000	0.910927
-0.341000	0.911456
-0.340000	0.911983
-0.339000	0.912508
-0.338000	0.913031
-0.337000	0.913553
-0.336000	0.914073
-0.335000	0.914592
-0.334000	0.915108
-0.333000	0.915624
-0.332000	0.916137
-0.331000	0.916649
-0.330000	0.917159
-0.329000	0.917668
-0.328000	0.918175
-0.327000	0.918680
-0.326000	0.919184
-0.325000	0.919686
-0.324000	0.920187
-0.323000	0.920686
-0.322000	0.921183
-0.321000	0.921678
-0.320000	0.922172
-0.319000	0.922665
-0.318000	0.923155
-0.317000	0.923645
-0.316000	0.924132
-0.315000	0.924618
-0.314000	0.925102
-0.313000	0.925585
-0.312000	0.926065
-0.311000	0.926545
-0.310000	0.927023
-0.309000	0.927499
-0.308000	0.927973
-0.307000	0.928446
-0.306000	0.928917
-0.305000	0.929387
-0.304000	0.929855
-0.303000	0.930321
-0.302000	0.930786
-0.301000	0.931249
-0.300000	0.931711
-0.299000	0.932171
-0.298000	0.932629
-0.297000	0.933086
-0.296000	0.933541
-0.295000	0.933994
-0.294000	0.934446
-0.293000	0.934896
-0.292000	0.935345
-0.291000	0.935792
-0.290000	0.936238
-0.289000	0.936681
-0.288000	0.937124
-0.287000	0.937564
-0.286000	0.938003
-0.285000	0.938441
-0.284000	0.938877
-0.283000	0.939311
-0.282000	0.939744
-0.281000	0.940175
-0.280000	0.940604
-0.279000	0.941032
-0.278000	0.941458
-0.277000	0.941883
-0.276000	0.942306
-0.275000	0.942727
-0.274000	0.943147
-0.273000	0.943566
-0.272000	0.943982
-0.271000	0.944397
-0.270000	0.944811
-0.269000	0.945223
-0.268000	0.945633
-0.267000	0.946042
-0.266000	0.946449
-0.265000	0.946855
-0.264000	0.947259
-0.263000	0.947661
-0.262000	0.948062
-0.261000	0.948461
-0.260000	0.948859
-0.259000	0.949255
-0.258000	0.949650
-0.257000	0.950043
-0.256000	0.950434
-0.255000	0.950824
-0.254000	0.951212
-0.253000	0.951599
-0.252000	0.951984
-0.251000	0.952367
-0.250000	0.952749
-0.249000	0.953129
-0.248000	0.953508
-0.247000	0.953885
-0.246000	0.954261
-0.245000	0.954635
-0.244000	0.955007
-0.243000	0.955378
-0.242000	0.955747
-0.241000	0.956115
-0.240000	0.956481
-0.239000	0.956846
-0.238000	0.957209
-0.237000	0.957570
-0.236000	0.957930
-0.235000	0.958289
-0.234000	0.958645
-0.233000	0.959000
-0.232000	0.959354
-0.231000	0.959706
-0.230000	0.960057
-0.229000	0.960406
-0.228000	0.960753
-0.227000	0.961099
-0.226000	0.961443
-0.225000	0.961786
-0.224000	0.962127
-0.223000	0.962466
-0.222000	0.962804
-0.221000	0.963141
-0.220000	0.963476
-0.219000	0.963809
-0.218000	0.964141
-0.217000	0.964471
-0.216000	0.964800
-0.215000	0.965127
-0.214000	0.965453
-0.213000	0.965777
-0.212000	0.966099
-0.211000	0.966420
-0.210000	0.966739
-0.209000	0.967057
-0.208000	0.967373
-0.207000	0.967688
-0.206000	0.968001
-0.205000	0.968313
-0.204000	0.968623
-0.203000	0.968931
-0.202000	0.969238
-0.201000	0.969544
-0.200000	0.969847
-0.199000	0.970150
-0.198000	0.970451
-0.197000	0.970750
-0.196000	0.971047
-0.195000	0.971344
-0.194000	0.971638
-0.193000	0.971931
-0.192000	0.972223
-0.191000	0.972513
-0.190000	0.972801
-0.189000	0.973088
-0.188000	0.973373
-0.187000	0.973657
-0.186000	0.973939
-0.185000	0.974220
-0.184000	0.974499
-0.183000	0.974777
-0.182000	0.975053
-0.181000	0.975327
-0.180000	0.975600
-0.179000	0.975872
-0.178000	0.976142
-0.177000	0.976410
-0.176000	0.976677
-0.175000	0.976942
-0.174000	0.977206
-0.173000	0.977468
-0.172000	0.977729
-0.171000	0.977988
-0.170000	0.978246
-0.169000	0.978502
-0.168000	0.978756
-0.167000	0.979009
-0.166000	0.979261
-0.165000	0.979511
-0.164000	0.979759
-0.163000	0.980006
-0.162000	0.980252
-0.161000	0.980496
-0.160000	0.980738
-0.159000	0.980979
-0.158000	0.981218
-0.157000	0.981456
-0.156000	0.981692
-0.155000	0.981927
-0.154000	0.982160
-0.153000	0.982391
-0.152000	0.982621
-0.151000	0.982850
-0.150000	0.983077
-0.149000	0.983303
-0.148000	0.983527
-0.147000	0.983749
-0.146000	0.983970
-0.145000	0.984189
-0.144000	0.984407
-0.143000	0.984624
-0.142000	0.984839
-0.141000	0.985052
-0.140000	0.985264
-0.139000	0.985474
-0.138000	0.985683
-0.137000	0.985890
-0.136000	0.986096
-0.135000	0.986300
-0.134000	0.986503
-0.133000	0.986704
-0.132000	0.986903
-0.131000	0.987101
-0.130000	0.987298
-0.129000	0.987493
-0.128000	0.987687
-0.127000	0.987879
-0.126000	0.988069
-0.125000	0.988258
-0.124000	0.988446
-0.123000	0.988632
-0.122000	0.988816
-0.121000	0.988999
-0.120000	0.989180
-0.119000	0.989360
-0.118000	0.989539
-0.117000	0.989716
-0.116000	0.989891
-0.115000	0.990065
-0.114000	0.990237
-0.113000	0.990408
-0.112000	0.990577
-0.111000	0.990745
-0.110000	0.990911
-0.109000	0.991076
-0.108000	0.991239
-0.107000	0.991401
-0.106000	0.991561
-0.105000	0.991720
-0.104000	0.991877
-0.103000	0.992033
-0.102000	0.992187
-0.101000	0.992339
-0.100000	0.992491
-0.099000	0.992640
-0.098000	0.992788
-0.097000	0.992935
-0.096000	0.993080
-0.095000	0.993224
-0.094000	0.993366
-0.093000	0.993506
-0.092000	0.993645
-0.091000	0.993783
-0.090000	0.993919
-0.089000	0.994053
-0.088000	0.994186
-0.087000	0.994318
-0.086000	0.994448
-0.085000	0.994576
-0.084000	0.994703
-0.083000	0.994829
-0.082000	0.994953
-0.081000	0.995075
-0.080000	0.995196
-0.079000	0.995316
-0.078000	0.995434
-0.077000	0.995550
-0.076000	0.995665
-0.075000	0.995778
-0.074000	0.995890
-0.073000	0.996001
-0.072000	0.996109
-0.071000	0.996217
-0.070000	0.996323
-0.069000	0.996427
-0.068000	0.996530
-0.067000	0.996631
-0.066000	0.996731
-0.065000	0.996830
-0.064000	0.996926
-0.063000	0.997022
-0.062000	0.997116
-0.061000	0.997208
-0.060000	0.997299
-0.059000	0.997388
-0.058000	0.997476
-0.057000	0.997562
-0.056000	0.997647
-0.055000	0.997730
-0.054000	0.997812
-0.053000	0.997893
-0.052000	0.997971
-0.051000	0.998049
-0.050000	0.998124
-0.049000	0.998199
-0.048000	0.998272
-0.047000	0.998343
-0.046000	0.998413
-0.045000	0.998481
-0.044000	0.998548
-0.043000	0.998613
-0.042000	0.998677
-0.041000	0.998739
-0.040000	0.998800
-0.039000	0.998859
-0.038000	0.998917
-0.037000	0.998973
-0.036000	0.999028
-0.035000	0.999081
-0.034000	0.999133
-0.033000	0.999183
-0.032000	0.999232
-0.031000	0.999279
-0.030000	0.999325
-0.029000	0.999369
-0.028000	0.999412
-0.027000	0.999453
-0.026000	0.999493
-0.025000	0.999531
-0.024000	0.999568
-0.023000	0.999603
-0.022000	0.999637
-0.021000	0.999669
-0.020000	0.999700
-0.019000	0.999729
-0.018000	0.999757
-0.017000	0.999783
-0.016000	0.999808
-0.015000	0.999831
-0.014000	0.999853
-0.013000	0.999873
-0.012000	0.999892
-0.011000	0.999909
-0.010000	0.999925
-0.009000	0.999939
-0.008000	0.999952
-0.007000	0.999963
-0.006000	0.999973
-0.005000	0.999981
-0.004000	0.999988
-0.003000	0.999993
-0.002000	0.999997
-0.001000	0.999999
0.000000	1.000000
0.001000	0.999999
0.002000	0.999997
0.003000	0.999993
0.004000	0.999988
0.005000	0.999981
0.006000	0.999973
0.007000	0.999963
0.008000	0.999952
0.009000	0.999939
0.010000	0.999925
0.011000	0.999909
0.012000	0.999892
0.013000	0.999873
0.014000	0.999853
0.015000	0.999831
0.016000	0.999808
0.017000	0.999783
0.018000	0.999757
0.019000	0.999729
0.020000	0.999700
0.021000	0.999669
0.022000	0.999637
0.023000	0.999603
0.024000	0.999568
0.025000	0.999531
0.026000	0.999493
0.027000	0.999453
0.028000	0.999412
0.029000	0.999369
0.030000	0.999325
0.031000	0.999279
0.032000	0.999232
0.033000	0.999183
0.034000	0.999133
0.035000	0.999081
0.036000	0.999028
0.037000	0.998973
0.038000	0.998917
0.039000	0.998859
0.040000	0.998800
0.041000	0.998739
0.042000	0.998677
0.043000	0.998613
0.044000	0.998548
0.045000	0.998481
0.046000	0.998413
0.047000	0.998343
0.048000	0.998272
0.049000	0.998199
0.050000	0.998124
0.051000	0.998049
0.052000	0.997971
0.053000	0.997893
0.054000	0.997812
0.055000	0.997730
0.056000	0.997647
0.057000	0.997562
0.058000	0.997476
0.059000	0.997388
0.060000	0.997299
0.061000	0.997208
0.062000	0.997116
0.063000	0.997022
0.064000	0.996926
0.065000	0.996830
0.066000	0.996731
0.067000	0.996631
0.068000	0.996530
0.069000	0.996427
0.070000	0.996323
0.071000	0.996217
0.072000	0.996109
0.073000	0.996001
0.074000	0.995890
0.075000	0.995778
0.076000	0.995665
0.077000	0.995550
0.078000	0.995434
0.079000	0.995316
0.080000	0.995196
0.081000	0.995075
0.082000	0.994953
0.083000	0.994829
0.084000	0.994703
0.085000	0.994576
0.086000	0.994448
0.087000	0.994318
0.088000	0.994186
0.089000	0.994053
0.090000	0.993919
0.091000	0.993783
0.092000	0.993645
0.093000	0.993506
0.094000	0.993366
0.095000	0.993224
0.096000	0.993080
0.097000	0.992935
0.098000	0.992788
0.099000	0.992640
0.100000	0.992491
0.101000	0.992339
0.102000	0.992187
0.103000	0.992033
0.104000	0.991877
0.105000	0.991720
0.106000	0.991561
0.107000	0.991401
0.108000	0.991239
0.109000	0.991076
0.110000	0.990911
0.111000	0.990745
0.112000	0.990577
0.113000	0.990408
0.114000	0.990237
0.115000	0.990065
0.116000	0.989891
0.117000	0.989716
0.118000	0.989539
0.119000	0.989360
0.120000	0.989180
0.121000	0.988999
0.122000	0.988816
0.123000	0.988632
0.124000	0.988446
0.125000	0.988258
0.126000	0.988069
0.127000	0.987879
0.128000	0.987687
0.129000	0.987493
0.130000	0.987298
0.131000	0.987101
0.132000	0.986903
0.133000	0.986704
0.134000	0.986503
0.135000	0.986300
0.136000	0.986096
0.137000	0.985890
0.138000	0.985683
0.139000	0.985474
0.140000	0.985264
0.141000	0.985052
0.142000	0.984839
0.143000	0.984624
0.144000	0.984407
0.145000	0.984189
0.146000	0.983970
0.147000	0.983749
0.148000	0.983527
0.149000	0.983303
0.150000	0.983077
0.151000	0.982850
0.152000	0.982621
0.153000	0.982391
0.154000	0.982160
0.155000	0.981927
0.156000	0.981692
0.157000	0.981456
0.158000	0.981218
0.159000	0.980979
0.160000	0.980738
0.161000	0.980496
0.162000	0.980252
0.163000	0.980006
0.164000	0.979759
0.165000	0.979511
0.166000	0.979261
0.167000	0.979009
0.168000	0.978756
0.169000	0.978502
0.170000	0.978246
0.171000	0.977988
0.172000	0.977729
0.173000	0.977468
0.174000	0.977206
0.175000	0.976942
0.176000	0.976677
0.177000	0.976410
0.178000	0.976142
0.179000	0.975872
0.180000	0.975600
0.181000	0.975327
0.182000	0.975053
0.183000	0.974777
0.184000	0.974499
0.185000	0.974220
0.186000	0.973939
0.187000	0.973657
0.188000	0.973373
0.189000	0.973088
0.190000	0.972801
0.191000	0.972513
0.192000	0.972223
0.193000	0.971931
0.194000	0.971638
0.195000	0.971344
0.196000	0.971047
0.197000	0.970750
0.198000	0.970451
0.199000	0.970150
0.200000	0.969847
0.201000	0.969544
0.202000	0.969238
0.203000	0.968931
0.204000	0.968623
0.205000	0.968313
0.206000	0.968001
0.207000	0.967688
0.208000	0.967373
0.209000	0.967057
0.210000	0.966739
0.211000	0.966420
0.212000	0.966099
0.213000	0.965777
0.214000	0.965453
0.215000	0.965127
0.216000	0.964800
0.217000	0.964471
0.218000	0.964141
0.219000	0.963809
0.220000	0.963476
0.221000	0.963141
0.222000	0.962804
0.223000	0.962466
0.224000	0.962127
0.225000	0.961786
0.226000	0.961443
0.227000	0.961099
0.228000	0.960753
0.229000	0.960406
0.230000	0.960057
0.231000	0.959706
0.232000	0.959354
0.233000	0.959000
0.234000	0.958645
0.235000	0.958289
0.236000	0.957930
0.237000	0.957570
0.238000	0.957209
0.239000	0.956846
0.240000	0.956481
0.241000	0.956115
0.242000	0.955747
0.243000	0.955378
0.244000	0.955007
0.245000	0.954635
0.246000	0.954261
0.247000	0.953885
0.248000	0.953508
0.249000	0.953129
0.250000	0.952749
0.251000	0.952367
0.252000	0.951984
0.253000	0.951599
0.254000	0.951212
0.255000	0.950824
0.256000	0.950434
0.257000	0.950043
0.258000	0.949650
0.259000	0.949255
0.260000	0.948859
0.261000	0.948461
0.262000	0.948062
0.263000	0.947661
0.264000	0.947259
0.265000	0.946855
0.266000	0.946449
0.267000	0.946042
0.268000	0.945633
0.269000	0.945223
0.270000	0.944811
0.271000	0.944397
0.272000	0.943982
0.273000	0.943566
0.274000	0.943147
0.275000	0.942727
0.276000	0.942306
0.277000	0.941883
0.278000	0.941458
0.279000	0.941032
0.280000	0.940604
0.281000	0.940175
0.282000	0.939744
0.283000	0.939311
0.284000	0.938877
0.285000	0.938441
0.286000	0.938003
0.287000	0.937564
0.288000	0.937124
0.289000	0.936681
0.290000	0.936238
0.291000	0.935792
0.292000	0.935345
0.293000	0.934896
0.294000	0.934446
0.295000	0.933994
0.296000	0.933541
0.297000	0.933086
0.298000	0.932629
0.299000	0.932171
0.300000	0.931711
0.301000	0.931249
0.302000	0.930786
0.303000	0.930321
0.304000	0.929855
0.305000	0.929387
0.306000	0.928917
0.307000	0.928446
0.308000	0.927973
0.309000	0.927499
0.310000	0.927023
0.311000	0.926545
0.312000	0.926065
0.313000	0.925585
0.314000	0.925102
0.315000	0.924618
0.316000	0.924132
0.317000	0.923645
0.318000	0.923155
0.319000	0.922665
0.320000	0.922172
0.321000	0.921678
0.322000	0.921183
0.323000	0.920686
0.324000	0.920187
0.325000	0.919686
0.326000	0.919184
0.327000	0.918680
0.328000	0.918175
0.329000	0.917668
0.330000	0.917159
0.331000	0.916649
0.332000	0.916137
0.333000	0.915624
0.334000	0.915108
0.335000	0.914592
0.336000	0.914073
0.337000	0.913553
0.338000	0.913031
0.339000	0.912508
0.340000	0.911983
0.341000	0.911456
0.342000	0.910927
0.343000	0.910397
0.344000	0.909866
0.345000	0.909332
0.346000	0.908797
0.347000	0.908261
0.348000	0.907723
0.349000	0.907183
0.350000	0.906641
0.351000	0.906098
0.352000	0.905553
0.353000	0.905006
0.354000	0.904458
0.355000	0.903908
0.356000	0.903356
0.357000	0.902803
0.358000	0.902248
0.359000	0.901692
0.360000	0.901134
0.361000	0.900574
0.362000	0.900012
0.363000	0.899449
0.364000	0.898884
0.365000	0.898317
0.366000	0.897749
0.367000	0.897179
0.368000	0.896608
0.369000	0.896034
0.370000	0.895459
0.371000	0.894883
0.372000	0.894304
0.373000	0.893724
0.374000	0.893143
0.375000	0.892559
0.376000	0.891974
0.377000	0.891387
0.378000	0.890799
0.379000	0.890209
0.380000	0.889617
0.381000	0.889024
0.382000	0.888428
0.383000	0.887831
0.384000	0.887233
0.385000	0.886633
0.386000	0.886031
0.387000	0.885427
0.388000	0.884821
0.389000	0.884214
0.390000	0.883606
0.391000	0.882995
0.392000	0.882383
0.393000	0.881769
0.394000	0.881153
0.395000	0.880536
0.396000	0.879917
0.397000	0.879296
0.398000	0.878674
0.399000	0.878050
0.400000	0.877424
0.401000	0.876796
0.402000	0.876167
0.403000	0.875536
0.404000	0.874903
0.405000	0.874269
0.406000	0.873633
0.407000	0.872995
0.408000	0.872355
0.409000	0.871714
0.410000	0.871071
0.411000	0.870426
0.412000	0.869779
0.413000	0.869131
0.414000	0.868481
0.415000	0.867829
0.416000	0.867176
0.417000	0.866520
0.418000	0.865863
0.419000	0.865205
0.420000	0.864544
0.421000	0.863882
0.422000	0.863218
0.423000	0.862552
0.424000	0.861885
0.425000	0.861216
0.426000	0.860545
0.427000	0.859872
0.428000	0.859198
0.429000	0.858522
0.430000	0.857844
0.431000	0.857164
0.432000	0.856483
0.433000	0.855799
0.434000	0.855114
0.435000	0.854428
0.436000	0.853739
0.437000	0.853049
0.438000	0.852357
0.439000	0.851663
0.440000	0.850967
0.441000	0.850270
0.442000	0.849571
0.443000	0.848870
0.444000	0.848167
0.445000	0.847463
0.446000	0.846757
0.447000	0.846048
0.448000	0.845339
0.449000	0.844627
0.450000	0.843914
0.451000	0.843198
0.452000	0.842482
0.453000	0.841763
0.454000	0.841042
0.455000	0.840320
0.456000	0.839596
0.457000	0.838870
0.458000	0.838142
0.459000	0.837412
0.460000	0.836681
0.461000	0.835948
0.462000	0.835213
0.463000	0.834476
0.464000	0.833738
0.465000	0.832997
0.466000	0.832255
0.467000	0.831511
0.468000	0.830765
0.469000	0.830017
0.470000	0.829268
0.471000	0.828517
0.472000	0.827764
0.473000	0.827009
0.474000	0.826252
0.475000	0.825493
0.476000	0.824733
0.477000	0.823970
0.478000	0.823206
0.479000	0.822440
0.480000	0.821673
0.481000	0.820903
0.482000	0.820131
0.483000	0.819358
0.484000	0.818583
0.485000	0.817806
0.486000	0.817027
0.487000	0.816246
0.488000	0.815464
0.489000	0.814679
0.490000	0.813893
0.491000	0.813105
0.492000	0.812315
0.493000	0.811523
0.494000	0.810729
0.495000	0.809934
0.496000	0.809136
0.497000	0.808337
0.498000	0.807536
0.499000	0.806732
0.500000	0.805927
0.501000	0.805121
0.502000	0.804312
0.503000	0.803501
0.504000	0.802689
0.505000	0.801874
0.506000	0.801058
0.507000	0.800240
0.508000	0.799420
0.509000	0.798598
0.510000	0.797774
0.511000	0.796948
0.512000	0.796120
0.513000	0.795291
0.514000	0.794459
0.515000	0.793626
0.516000	0.792790
0.517000	0.791953
0.518000	0.791114
0.519000	0.790273
0.520000	0.789430
0.521000	0.788585
0.522000	0.787738
0.523000	0.786889
0.524000	0.786039
0.525000	0.785186
0.526000	0.784331
0.527000	0.783475
0.528000	0.782617
0.529000	0.781756
0.530000	0.780894
0.531000	0.780029
0.532000	0.779163
0.533000	0.778295
0.534000	0.777425
0.535000	0.776553
0.536000	0.775679
0.537000	0.774803
0.538000	0.773925
0.539000	0.773045
0.540000	0.772163
0.541000	0.771279
0.542000	0.770393
0.543000	0.769505
0.544000	0.768615
0.545000	0.767724
0.546000	0.766830
0.547000	0.765934
0.548000	0.765036
0.549000	0.764137
0.550000	0.763235
0.551000	0.762331
0.552000	0.761425
0.553000	0.760518
0.554000	0.759608
0.555000	0.758696
0.556000	0.757782
0.557000	0.756866
0.558000	0.755949
0.559000	0.755029
0.560000	0.754107
0.561000	0.753183
0.562000	0.752257
0.563000	0.751329
0.564000	0.750399
0.565000	0.749467
0.566000	0.748533
0.567000	0.747597
0.568000	0.746659
0.569000	0.745719
0.570000	0.744777
0.571000	0.743832
0.572000	0.742886
0.573000	0.741938
0.574000	0.740987
0.575000	0.740035
0.576000	0.739080
0.577000	0.738124
0.578000	0.737165
0.579000	0.736204
0.580000	0.735241
0.581000	0.734276
0.582000	0.733309
0.583000	0.732340
0.584000	0.731369
0.585000	0.730395
0.586000	0.729420
0.587000	0.728442
0.588000	0.727463
0.589000	0.726481
0.590000	0.725497
0.591000	0.724511
0.592000	0.723523
0.593000	0.722533
0.594000	0.721541
0.595000	0.720546
0.596000	0.719550
0.597000	0.718551
0.598000	0.717550
0.599000	0.716547
0.600000	0.715542
0.601000	0.714534
0.602000	0.713525
0.603000	0.712513
0.604000	0.711500
0.605000	0.710484
0.606000	0.709466
0.607000	0.708445
0.608000	0.707423
0.609000	0.706398
0.610000	0.705371
0.611000	0.704342
0.612000	0.703311
0.613000	0.702278
0.614000	0.701242
0.615000	0.700205
0.616000	0.699165
0.617000	0.698122
0.618000	0.697078
0.619000	0.696031
0.620000	0.694983
0.621000	0.693932
0.622000	0.692878
0.623000	0.691823
0.624000	0.690765
0.625000	0.689705
0.626000	0.688643
0.627000	0.687579
0.628000	0.686512
0.629000	0.685443
0.630000	0.684372
0.631000	0.683298
0.632000	0.682222
0.633000	0.681144
0.634000	0.680064
0.635000	0.678982
0.636000	0.677897
0.637000	0.676810
0.638000	0.675720
0.639000	0.674628
0.640000	0.673534
0.641000	0.672438
0.642000	0.671339
0.643000	0.670238
0.644000	0.669135
0.645000	0.668030
0.646000	0.666922
0.647000	0.665811
0.648000	0.664699
0.649000	0.663584
0.650000	0.662467
0.651000	0.661347
0.652000	0.660225
0.653000	0.659101
0.654000	0.657974
0.655000	0.656845
0.656000	0.655713
0.657000	0.654580
0.658000	0.653443
0.659000	0.652305
0.660000	0.651164
0.661000	0.650020
0.662000	0.648875
0.663000	0.647726
0.664000	0.646576
0.665000	0.645423
0.666000	0.644267
0.667000	0.643109
0.668000	0.641949
0.669000	0.640786
0.670000	0.639621
0.671000	0.638453
0.672000	0.637283
0.673000	0.636111
0.674000	0.634936
0.675000	0.633758
0.676000	0.632578
0.677000	0.631396
0.678000	0.630211
0.679000	0.629023
0.680000	0.627833
0.681000	0.626641
0.682000	0.625446
0.683000	0.624249
0.684000	0.623049
0.685000	0.621846
0.686000	0.620641
0.687000	0.619433
0.688000	0.618223
0.689000	0.617010
0.690000	0.615795
0.691000	0.614577
0.692000	0.613357
0.693000	0.612134
0.694000	0.610908
0.695000	0.609680
0.696000	0.608450
0.697000	0.607216
0.698000	0.605980
0.699000	0.604742
0.700000	0.603500
0.701000	0.602257
0.702000	0.601010
0.703000	0.599761
0.704000	0.598509
0.705000	0.597255
0.706000	0.595998
0.707000	0.594738
0.708000	0.593476
0.709000	0.592211
0.710000	0.590943
0.711000	0.589673
0.712000	0.588399
0.713000	0.587123
0.714000	0.585845
0.715000	0.584564
0.716000	0.583280
0.717000	0.581993
0.718000	0.580703
0.719000	0.579411
0.720000	0.578116
0.721000	0.576818
0.722000	0.575517
0.723000	0.574214
0.724000	0.572908
0.725000	0.571599
0.726000	0.570287
0.727000	0.568972
0.728000	0.567655
0.729000	0.566335
0.730000	0.565012
0.731000	0.563686
0.732000	0.562357
0.733000	0.561025
0.734000	0.559691
0.735000	0.558353
0.736000	0.557013
0.737000	0.555670
0.738000	0.554324
0.739000	0.552974
0.740000	0.551622
0.741000	0.550268
0.742000	0.548910
0.743000	0.547549
0.744000	0.546185
0.745000	0.544818
0.746000	0.543449
0.747000	0.542076
0.748000	0.540700
0.749000	0.539321
0.750000	0.537940
0.751000	0.536555
0.752000	0.535167
0.753000	0.533776
0.754000	0.532382
0.755000	0.530985
0.756000	0.529585
0.757000	0.528182
0.758000	0.526776
0.759000	0.525366
0.760000	0.523954
0.761000	0.522538
0.762000	0.521119
0.763000	0.519697
0.764000	0.518272
0.765000	0.516844
0.766000	0.515412
0.767000	0.513978
0.768000	0.512540
0.769000	0.511099
0.770000	0.509654
0.771000	0.508207
0.772000	0.506756
0.773000	0.505302
0.774000	0.503845
0.775000	0.502384
0.776000	0.500920
0.777000	0.499453
0.778000	0.497982
0.779000	0.496508
0.780000	0.495031
0.781000	0.493550
0.782000	0.492066
0.783000	0.490578
0.784000	0.489087
0.785000	0.487593
0.786000	0.486095
0.787000	0.484594
0.788000	0.483089
0.789000	0.481581
0.790000	0.480070
0.791000	0.478554
0.792000	0.477036
0.793000	0.475514
0.794000	0.473988
0.795000	0.472459
0.796000	0.470926
0.797000	0.469389
0.798000	0.467849
0.799000	0.466305
0.800000	0.464758
0.801000	0.463207
0.802000	0.461652
0.803000	0.460094
0.804000	0.458532
0.805000	0.456966
0.806000	0.455396
0.807000	0.453823
0.808000	0.452246
0.809000	0.450665
0.810000	0.449080
0.811000	0.447492
0.812000	0.445900
0.813000	0.444303
0.814000	0.442703
0.815000	0.441099
0.816000	0.439491
0.817000	0.437879
0.818000	0.436264
0.819000	0.434644
0.820000	0.433020
0.821000	0.431392
0.822000	0.429760
0.823000	0.428124
0.824000	0.426484
0.825000	0.424840
0.826000	0.423192
0.827000	0.421540
0.828000	0.419883
0.829000	0.418222
0.830000	0.416558
0.831000	0.414888
0.832000	0.413215
0.833000	0.411537
0.834000	0.409855
0.835000	0.408169
0.836000	0.406478
0.837000	0.404783
0.838000	0.403084
0.839000	0.401380
0.840000	0.399672
0.841000	0.397959
0.842000	0.396242
0.843000	0.394520
0.844000	0.392793
0.845000	0.391062
0.846000	0.389327
0.847000	0.387587
0.848000	0.385842
0.849000	0.384092
0.850000	0.382338
0.851000	0.380579
0.852000	0.378815
0.853000	0.377046
0.854000	0.375273
0.855000	0.373494
0.856000	0.371711
0.857000	0.369923
0.858000	0.368129
0.859000	0.366331
0.860000	0.364528
0.861000	0.362719
0.862000	0.360906
0.863000	0.359087
0.864000	0.357263
0.865000	0.355434
0.866000	0.353600
0.867000	0.351760
0.868000	0.349915
0.869000	0.348065
0.870000	0.346209
0.871000	0.344348
0.872000	0.342481
0.873000	0.340609
0.874000	0.338731
0.875000	0.336848
0.876000	0.334958
0.877000	0.333063
0.878000	0.331163
0.879000	0.329256
0.880000	0.327344
0.881000	0.325426
0.882000	0.323501
0.883000	0.321571
0.884000	0.319635
0.885000	0.317692
0.886000	0.315744
0.887000	0.313789
0.888000	0.311828
0.889000	0.309860
0.890000	0.307887
0.891000	0.305906
0.892000	0.303920
0.893000	0.301926
0.894000	0.299926
0.895000	0.297919
0.896000	0.295906
0.897000	0.293886
0.898000	0.291858
0.899000	0.289824
0.900000	0.287783
0.901000	0.285735
0.902000	0.283679
0.903000	0.281616
0.904000	0.279546
0.905000	0.277469
0.906000	0.275384
0.907000	0.273291
0.908000	0.271191
0.909000	0.269083
0.910000	0.266967
0.911000	0.264843
0.912000	0.262711
0.913000	0.260571
0.914000	0.258422
0.915000	0.256266
0.916000	0.254101
0.917000	0.251927
0.918000	0.249745
0.919000	0.247554
0.920000	0.245354
0.921000	0.243145
0.922000	0.240927
0.923000	0.238700
0.924000	0.236463
0.925000	0.234217
0.926000	0.231962
0.927000	0.229696
0.928000	0.227421
0.929000	0.225135
0.930000	0.222839
0.931000	0.220533
0.932000	0.218216
0.933000	0.215889
0.934000	0.213550
0.935000	0.211201
0.936000	0.208840
0.937000	0.206468
0.938000	0.204084
0.939000	0.201688
0.940000	0.199280
0.941000	0.196860
0.942000	0.194428
0.943000	0.191982
0.944000	0.189524
0.945000	0.187052
0.946000	0.184566
0.947000	0.182067
0.948000	0.179554
0.949000	0.177026
0.950000	0.174483
0.951000	0.171925
0.952000	0.169352
0.953000	0.166763
0.954000	0.164158
0.955000	0.161536
0.956000	0.158897
0.957000	0.156241
0.958000	0.153566
0.959000	0.150874
0.960000	0.148162
0.961000	0.145431
0.962000	0.142680
0.963000	0.139908
0.964000	0.137114
0.965000	0.134299
0.966000	0.131461
0.967000	0.128599
0.968000	0.125713
0.969000	0.122802
0.970000	0.119865
0.971000	0.116900
0.972000	0.113907
0.973000	0.110884
0.974000	0.107830
0.975000	0.104744
0.976000	0.101625
0.977000	0.098469
0.978000	0.095277
0.979000	0.092045
0.980000	0.088771
0.981000	0.085453
0.982000	0.082088
0.983000	0.078674
0.984000	0.075205
0.985000	0.071678
0.986000	0.068090
0.987000	0.064433
0.988000	0.060701
0.989000	0.056888
0.990000	0.052983
0.991000	0.048976
0.992000	0.044852
0.993000	0.040593
0.994000	0.036175
0.995000	0.031563
0.996000	0.026709
0.997000	0.021534
0.998000	0.015893
0.999000	0.009454
1.000000	0.000000
1.001000	0.000000
1.002000	0.000000
1.003000	0.000000
1.004000	0.000000
1.005000	0.000000
1.006000	0.000000
1.007000	0.000000
1.008000	0.000000
1.009000	0.000000
1.010000	0.000000
1.011000	0.000000
1.012000	0.000000
1.013000	0.000000
1.014000	0.000000
1.015000	0.000000
1.016000	0.000000
1.017000	0.000000
1.018000	0.000000
1.019000	0.000000
1.020000	0.000000
1.021000	0.000000
1.022000	0.000000
1.023000	0.000000
1.024000	0.000000
1.025000	0.000000
1.026000	0.000000
1.027000	0.000000
1.028000	0.000000
1.029000	0.000000
1.030000	0.000000
1.031000	0.000000
1.032000	0.000000
1.033000	0.000000
1.034000	0.000000
1.035000	0.000000
1.036000	0.000000
1.037000	0.000000
1.038000	0.000000
1.039000	0.000000
1.040000	0.000000
1.041000	0.000000
1.042000	0.000000
1.043000	0.000000
1.044000	0.000000
1.045000	0.000000
1.046000	0.000000
1.047000	0.000000
1.048000	0.000000
1.049000	0.000000
1.050000	0.000000
1.051000	0.000000
1.052000	0.000000
1.053000	0.000000
1.054000	0.000000
1.055000	0.000000
1.056000	0.000000
1.057000	0.000000
1.058000	0.000000
1.059000	0.000000
1.060000	0.000000
1.061000	0.000000
1.062000	0.000000
1.063000	0.000000
1.064000	0.000000
1.065000	0.000000
1.066000	0.000000
1.067000	0.000000
1.068000	0.000000
1.069000	0.000000
1.070000	0.000000
1.071000	0.000000
1.072000	0.000000
1.073000	0.000000
1.074000	0.000000
1.075000	0.000000
1.076000	0.000000
1.077000	0.000000
1.078000	0.000000
1.079000	0.000000
1.080000	0.000000
1.081000	0.000000
1.082000	0.000000
1.083000	0.000000
1.084000	0.000000
1.085000	0.000000
1.086000	0.000000
1.087000	0.000000
1.088000	0.000000
1.089000	0.000000
1.090000	0.000000
1.091000	0.000000
1.092000	0.000000
1.093000	0.000000
1.094000	0.000000
1.095000	0.000000
1.096000	0.000000
1.097000	0.000000
1.098000	0.000000
1.099000	0.000000
1.100000	0.000000
1.101000	0.000000
1.102000	0.000000
1.103000	0.000000
1.104000	0.000000
1.105000	0.000000
1.106000	0.000000
1.107000	0.000000
1.108000	0.000000
1.109000	0.000000
1.110000	0.000000
1.111000	0.000000
1.112000	0.000000
1.113000	0.000000
1.114000	0.000000
1.115000	0.000000
1.116000	0.000000
1.117000	0.000000
1.118000	0.000000
1.119000	0.000000
1.120000	0.000000
1.121000	0.000000
1.122000	0.000000
1.123000	0.000000
1.124000	0.000000
1.125000	0.000000
1.126000	0.000000
1.127000	0.000000
1.128000	0.000000
1.129000	0.000000
1.130000	0.000000
1.131000	0.000000
1.132000	0.000000
1.133000	0.000000
1.134000	0.000000
1.135000	0.000000
1.136000	0.000000
1.137000	0.000000
1.138000	0.000000
1.139000	0.000000
1.140000	0.000000
1.141000	0.000000
1.142000	0.000000
1.143000	0.000000
1.144000	0.000000
1.145000	0.000000
1.146000	0.000000
1.147000	0.000000
1.148000	0.000000
1.149000	0.000000
1.150000	0.000000
1.151000	0.000000
1.152000	0.000000
1.153000	0.000000
1.154000	0.000000
1.155000	0.000000
1.156000	0.000000
1.157000	0.000000
1.158000	0.000000
1.159000	0.000000
1.160000	0.000000
1.161000	0.000000
1.162000	0.000000
1.163000	0.000000
1.164000	0.000000
1.165000	0.000000
1.166000	0.000000
1.167000	0.000000
1.168000	0.000000
1.169000	0.000000
1.170000	0.000000
1.171000	0.000000
1.172000	0.000000
1.173000	0.000000
1.174000	0.000000
1.175000	0.000000
1.176000	0.000000
1.177000	0.000000
1.178000	0.000000
1.179000	0.000000
1.180000	0.000000
1.181000	0.000000
1.182000	0.000000
1.183000	0.000000
1.184000	0.000000
1.185000	0.000000
1.186000	0.000000
1.187000	0.000000
1.188000	0.000000
1.189000	0.000000
1.190000	0.000000
1.191000	0.000000
1.192000	0.000000
1.193000	0.000000
1.194000	0.000000
1.195000	0.000000
1.196000	0.000000
1.197000	0.000000
1.198000	0.000000
1.199000	0.000000
1.200000	0.000000
1.201000	0.000000
1.202000	0.000000
1.203000	0.000000
1.204000	0.000000
1.205000	0.000000
1.206000	0.000000
1.207000	0.000000
1.208000	0.000000
1.209000	0.000000
1.210000	0.000000
1.211000	0.000000
1.212000	0.000000
1.213000	0.000000
1.214000	0.000000
1.215000	0.000000
1.216000	0.000000
1.217000	0.000000
1.218000	0.000000
1.219000	0.000000
1.220000	0.000000
1.221000	0.000000
1.222000	0.000000
1.223000	0.000000
1.224000	0.000000
1.225000	0.000000
1.226000	0.000000
1.227000	0.000000
1.228000	0.000000
1.229000	0.000000
1.230000	0.000000
1.231000	0.000000
1.232000	0.000000
1.233000	0.000000
1.234000	0.000000
1.235000	0.000000
1.236000	0.000000
1.237000	0.000000
1.238000	0.000000
1.239000	0.000000
1.240000	0.000000
1.241000	0.000000
1.242000	0.000000
1.243000	0.000000
1.244000	0.000000
1.245000	0.000000
1.246000	0.000000
1.247000	0.000000
1.248000	0.000000
1.249000	0.000000
1.250000	0.000000
1.251000	0.000000
1.252000	0.000000
1.253000	0.000000
1.254000	0.000000
1.255000	0.000000
1.256000	0.000000
1.257000	0.000000
1.258000	0.000000
1.259000	0.000000
1.260000	0.000000
1.261000	0.000000
1.262000	0.000000
1.263000	0.000000
1.264000	0.000000
1.265000	0.000000
1.266000	0.000000
1.267000	0.000000
1.268000	0.000000
1.269000	0.000000
1.270000	0.000000
1.271000	0.000000
1.272000	0.000000
1.273000	0.000000
1.274000	0.000000
1.275000	0.000000
1.276000	0.000000
1.277000	0.000000
1.278000	0.000000
1.279000	0.000000
1.280000	0.000000
1.281000	0.000000
1.282000	0.000000
1.283000	0.000000
1.284000	0.000000
1.285000	0.000000
1.286000	0.000000
1.287000	0.000000
1.288000	0.000000
1.289000	0.000000
1.290000	0.000000
1.291000	0.000000
1.292000	0.000000
1.293000	0.000000
1.294000	0.000000
1.295000	0.000000
1.296000	0.000000
1.297000	0.000000
1.298000	0.000000
1.299000	0.000000
1.300000	0.000000
1.301000	0.000000
1.302000	0.000000
1.303000	0.000000
1.304000	0.000000
1.305000	0.000000
1.306000	0.000000
1.307000	0.000000
1.308000	0.000000
1.309000	0.000000
1.310000	0.000000
1.311000	0.000000
1.312000	0.000000
1.313000	0.000000
1.314000	0.000000
1.315000	0.000000
1.316000	0.000000
1.317000	0.000000
1.318000	0.000000
1.319000	0.000000
1.320000	0.000000
1.321000	0.000000
1.322000	0.000000
1.323000	0.000000
1.324000	0.000000
1.325000	0.000000
1.326000	0.000000
1.327000	0.000000
1.328000	0.000000
1.329000	0.000000
1.330000	0.000000
1.331000	0.000000
1.332000	0.000000
1.333000	0.000000
1.334000	0.000000
1.335000	0.000000
1.336000	0.000000
1.337000	0.000000
1.338000	0.000000
1.339000	0.000000
1.340000	0.000000
1.341000	0.000000
1.342000	0.000000
1.343000	0.000000
1.344000	0.000000
1.345000	0.000000
1.346000	0.000000
1.347000	0.000000
1.348000	0.000000
1.349000	0.000000
1.350000	0.000000
1.351000	0.000000
1.352000	0.000000
1.353000	0.000000
1.354000	0.000000
1.355000	0.000000
1.356000	0.000000
1.357000	0.000000
1.358000	0.000000
1.359000	0.000000
1.360000	0.000000
1.361000	0.000000
1.362000	0.000000
1.363000	0.000000
1.364000	0.000000
1.365000	0.000000
1.366000	0.000000
1.367000	0.000000
1.368000	0.000000
1.369000	0.000000
1.370000	0.000000
1.371000	0.000000
1.372000	0.000000
1.373000	0.000000
1.374000	0.000000
1.375000	0.000000
1.376000	0.000000
1.377000	0.000000
1.378000	0.000000
1.379000	0.000000
1.380000	0.000000
1.381000	0.000000
1.382000	0.000000
1.383000	0.000000
1.384000	0.000000
1.385000	0.000000
1.386000	0.000000
1.387000	0.000000
1.388000	0.000000
1.389000	0.000000
1.390000	0.000000
1.391000	0.000000
1.392000	0.000000
1.393000	0.000000
1.394000	0.000000
1.395000	0.000000
1.396000	0.000000
1.397000	0.000000
1.398000	0.000000
1.399000	0.000000
1.400000	0.000000
1.401000	0.000000
1.402000	0.000000
1.403000	0.000000
1.404000	0.000000
1.405000	0.000000
1.406000	0.000000
1.407000	0.000000
1.408000	0.000000
1.409000	0.000000
1.410000	0.000000
1.411000	0.000000
1.412000	0.000000
1.413000	0.000000
1.414000	0.000000
1.415000	0.000000
1.416000	0.000000
1.417000	0.000000
1.418000	0.000000
1.419000	0.000000
1.420000	0.000000
1.421000	0.000000
1.422000	0.000000
1.423000	0.000000
1.424000	0.000000
1.425000	0.000000
1.426000	0.000000
1.427000	0.000000
1.428000	0.000000
1.429000	0.000000
1.430000	0.000000
1.431000	0.000000
1.432000	0.000000
1.433000	0.000000
1.434000	0.000000
1.435000	0.000000
1.436000	0.000000
1.437000	0.000000
1.438000	0.000000
1.439000	0.000000
1.440000	0.000000
1.441000	0.000000
1.442000	0.000000
1.443000	0.000000
1.444000	0.000000
1.445000	0.000000
1.446000	0.000000
1.447000	0.000000
1.448000	0.000000
1.449000	0.000000
1.450000	0.000000
1.451000	0.000000
1.452000	0.000000
1.453000	0.000000
1.454000	0.000000
1.455000	0.000000
1.456000	0.000000
1.457000	0.000000
1.458000	0.000000
1.459000	0.000000
1.460000	0.000000
1.461000	0.000000
1.462000	0.000000
1.463000	0.000000
1.464000	0.000000
1.465000	0.000000
1.466000	0.000000
1.467000	0.000000
1.468000	0.000000
1.469000	0.000000
1.470000	0.000000
1.471000	0.000000
1.472000	0.000000
1.473000	0.000000
1.474000	0.000000
1.475000	0.000000
1.476000	0.000000
1.477000	0.000000
1.478000	0.000000
1.479000	0.000000
1.480000	0.000000
1.481000	0.000000
1.482000	0.000000
1.483000	0.000000
1.484000	0.000000
1.485000	0.000000
1.486000	0.000000
1.487000	0.000000
1.488000	0.000000
1.489000	0.000000
1.490000	0.000000
1.491000	0.000000
1.492000	0.000000
1.493000	0.000000
1.494000	0.000000
1.495000	0.000000
1.496000	0.000000
1.497000	0.000000
1.498000	0.000000
1.499000	0.000000
1.500000	0.000000
1.501000	0.000000
1.502000	0.000000
1.503000	0.000000
1.504000	0.000000
1.505000	0.000000
1.506000	0.000000
1.507000	0.000000
1.508000	0.000000
1.509000	0.000000
1.510000	0.000000
1.511000	0.000000
1.512000	0.000000
1.513000	0.000000
1.514000	0.000000
1.515000	0.000000
1.516000	0.000000
1.517000	0.000000
1.518000	0.000000
1.519000	0.000000
1.520000	0.000000
1.521000	0.000000
1.522000	0.000000
1.523000	0.000000
1.524000	0.000000
1.525000	0.000000
1.526000	0.000000
1.527000	0.000000
1.528000	0.000000
1.529000	0.000000
1.530000	0.000000
1.531000	0.000000
1.532000	0.000000
1.533000	0.000000
1.534000	0.000000
1.535000	0.000000
1.536000	0.000000
1.537000	0.000000
1.538000	0.000000
1.539000	0.000000
1.540000	0.000000
1.541000	0.000000
1.542000	0.000000
1.543000	0.000000
1.544000	0.000000
1.545000	0.000000
1.546000	0.000000
1.547000	0.000000
1.548000	0.000000
1.549000	0.000000
1.550000	0.000000
1.551000	0.000000
1.552000	0.000000
1.553000	0.000000
1.554000	0.000000
1.555000	0.000000
1.556000	0.000000
1.557000	0.000000
1.558000	0.000000
1.559000	0.000000
1.560000	0.000000
1.561000	0.000000
1.562000	0.000000
1.563000	0.000000
1.564000	0.000000
1.565000	0.000000
1.566000	0.000000
1.567000	0.000000
1.568000	0.000000
1.569000	0.000000
1.570000	0.000000
1.571000	0.000000
1.572000	0.000000
1.573000	0.000000
1.574000	0.000000
1.575000	0.000000
1.576000	0.000000
1.577000	0.000000
1.578000	0.000000
1.579000	0.000000
1.580000	0.000000
1.581000	0.000000
1.582000	0.000000
1.583000	0.000000
1.584000	0.000000
1.585000	0.000000
1.586000	0.000000
1.587000	0.000000
1.588000	0.000000
1.589000	0.000000
1.590000	0.000000
1.591000	0.000000
1.592000	0.000000
1.593000	0.000000
1.594000	0.000000
1.595000	0.000000
1.596000	0.000000
1.597000	0.000000
1.598000	0.000000
1.599000	0.000000
1.600000	0.000000
1.601000	0.000000
1.602000	0.000000
1.603000	0.000000
1.604000	0.000000
1.605000	0.000000
1.606000	0.000000
1.607000	0.000000
1.608000	0.000000
1.609000	0.000000
1.610000	0.000000
1.611000	0.000000
1.612000	0.000000
1.613000	0.000000
1.614000	0.000000
1.615000	0.000000
1.616000	0.000000
1.617000	0.000000
1.618000	0.000000
1.619000	0.000000
1.620000	0.000000
1.621000	0.000000
1.622000	0.000000
1.623000	0.000000
1.624000	0.000000
1.625000	0.000000
1.626000	0.000000
1.627000	0.000000
1.628000	0.000000
1.629000	0.000000
1.630000	0.000000
1.631000	0.000000
1.632000	0.000000
1.633000	0.000000
1.634000	0.000000
1.635000	0.000000
1.636000	0.000000
1.637000	0.000000
1.638000	0.000000
1.639000	0.000000
1.640000	0.000000
1.641000	0.000000
1.642000	0.000000
1.643000	0.000000
1.644000	0.000000
1.645000	0.000000
1.646000	0.000000
1.647000	0.000000
1.648000	0.000000
1.649000	0.000000
1.650000	0.000000
1.651000	0.000000
1.652000	0.000000
1.653000	0.000000
1.654000	0.000000
1.655000	0.000000
1.656000	0.000000
1.657000	0.000000
1.658000	0.000000
1.659000	0.000000
1.660000	0.000000
1.661000	0.000000
1.662000	0.000000
1.663000	0.000000
1.664000	0.000000
1.665000	0.000000
1.666000	0.000000
1.667000	0.000000
1.668000	0.000000
1.669000	0.000000
1.670000	0.000000
1.671000	0.000000
1.672000	0.000000
1.673000	0.000000
1.674000	0.000000
1.675000	0.000000
1.676000	0.000000
1.677000	0.000000
1.678000	0.000000
1.679000	0.000000
1.680000	0.000000
1.681000	0.000000
1.682000	0.000000
1.683000	0.000000
1.684000	0.000000
1.685000	0.000000
1.686000	0.000000
1.687000	0.000000
1.688000	0.000000
1.689000	0.000000
1.690000	0.000000
1.691000	0.000000
1.692000	0.000000
1.693000	0.000000
1.694000	0.000000
1.695000	0.000000
1.696000	0.000000
1.697000	0.000000
1.698000	0.000000
1.699000	0.000000
1.700000	0.000000
1.701000	0.000000
1.702000	0.000000
1.703000	0.000000
1.704000	0.000000
1.705000	0.000000
1.706000	0.000000
1.707000	0.000000
1.708000	0.000000
1.709000	0.000000
1.710000	0.000000
1.711000	0.000000
1.712000	0.000000
1.713000	0.000000
1.714000	0.000000
1.715000	0.000000
1.716000	0.000000
1.717000	0.000000
1.718000	0.000000
1.719000	0.000000
1.720000	0.000000
1.721000	0.000000
1.722000	0.000000
1.723000	0.000000
1.724000	0.000000
1.725000	0.000000
1.726000	0.000000
1.727000	0.000000
1.728000	0.000000
1.729000	0.000000
1.730000	0.000000
1.731000	0.000000
1.732000	0.000000
1.733000	0.000000
1.734000	0.000000
1.735000	0.000000
1.736000	0.000000
1.737000	0.000000
1.738000	0.000000
1.739000	0.000000
1.740000	0.000000
1.741000	0.000000
1.742000	0.000000
1.743000	0.000000
1.744000	0.000000
1.745000	0.000000
1.746000	0.000000
1.747000	0.000000
1.748000	0.000000
1.749000	0.000000
1.750000	0.000000
1.751000	0.000000
1.752000	0.000000
1.753000	0.000000
1.754000	0.000000
1.755000	0.000000
1.756000	0.000000
1.757000	0.000000
1.758000	0.000000
1.759000	0.000000
1.760000	0.000000
1.761000	0.000000
1.762000	0.000000
1.763000	0.000000
1.764000	0.000000
1.765000	0.000000
1.766000	0.000000
1.767000	0.000000
1.768000	0.000000
1.769000	0.000000
1.770000	0.000000
1.771000	0.000000
1.772000	0.000000
1.773000	0.000000
1.774000	0.000000
1.775000	0.000000
1.776000	0.000000
1.777000	0.000000
1.778000	0.000000
1.779000	0.000000
1.780000	0.000000
1.781000	0.000000
1.782000	0.000000
1.783000	0.000000
1.784000	0.000000
1.785000	0.000000
1.786000	0.000000
1.787000	0.000000
1.788000	0.000000
1.789000	0.000000
1.790000	0.000000
1.791000	0.000000
1.792000	0.000000
1.793000	0.000000
1.794000	0.000000
1.795000	0.000000
1.796000	0.000000
1.797000	0.000000
1.798000	0.000000
1.799000	0.000000
1.800000	0.000000
1.801000	0.000000
1.802000	0.000000
1.803000	0.000000
1.804000	0.000000
1.805000	0.000000
1.806000	0.000000
1.807000	0.000000
1.808000	0.000000
1.809000	0.000000
1.810000	0.000000
1.811000	0.000000
1.812000	0.000000
1.813000	0.000000
1.814000	0.000000
1.815000	0.000000
1.816000	0.000000
1.817000	0.000000
1.818000	0.000000
1.819000	0.000000
1.820000	0.000000
1.821000	0.000000
1.822000	0.000000
1.823000	0.000000
1.824000	0.000000
1.825000	0.000000
1.826000	0.000000
1.827000	0.000000
1.828000	0.000000
1.829000	0.000000
1.830000	0.000000
1.831000	0.000000
1.832000	0.000000
1.833000	0.000000
1.834000	0.000000
1.835000	0.000000
1.836000	0.000000
1.837000	0.000000
1.838000	0.000000
1.839000	0.000000
1.840000	0.000000
1.841000	0.000000
1.842000	0.000000
1.843000	0.000000
1.844000	0.000000
1.845000	0.000000
1.846000	0.000000
1.847000	0.000000
1.848000	0.000000
1.849000	0.000000
1.850000	0.000000
1.851000	0.000000
1.852000	0.000000
1.853000	0.000000
1.854000	0.000000
1.855000	0.000000
1.856000	0.000000
1.857000	0.000000
1.858000	0.000000
1.859000	0.000000
1.860000	0.000000
1.861000	0.000000
1.862000	0.000000
1.863000	0.000000
1.864000	0.000000
1.865000	0.000000
1.866000	0.000000
1.867000	0.000000
1.868000	0.000000
1.869000	0.000000
1.870000	0.000000
1.871000	0.000000
1.872000	0.000000
1.873000	0.000000
1.874000	0.000000
1.875000	0.000000
1.876000	0.000000
1.877000	0.000000
1.878000	0.000000
1.879000	0.000000
1.880000	0.000000
1.881000	0.000000
1.882000	0.000000
1.883000	0.000000
1.884000	0.000000
1.885000	0.000000
1.886000	0.000000
1.887000	0.000000
1.888000	0.000000
1.889000	0.000000
1.890000	0.000000
1.891000	0.000000
1.892000	0.000000
1.893000	0.000000
1.894000	0.000000
1.895000	0.000000
1.896000	0.000000
1.897000	0.000000
1.898000	0.000000
1.899000	0.000000
1.900000	0.000000
1.901000	0.000000
1.902000	0.000000
1.903000	0.000000
1.904000	0.000000
1.905000	0.000000
1.906000	0.000000
1.907000	0.000000
1.908000	0.000000
1.909000	0.000000
1.910000	0.000000
1.911000	0.000000
1.912000	0.000000
1.913000	0.000000
1.914000	0.000000
1.915000	0.000000
1.916000	0.000000
1.917000	0.000000
1.918000	0.000000
1.919000	0.000000
1.920000	0.000000
1.921000	0.000000
1.922000	0.000000
1.923000	0.000000
1.924000	0.000000
1.925000	0.000000
1.926000	0.000000
1.927000	0.000000
1.928000	0.000000
1.929000	0.000000
1.930000	0.000000
1.931000	0.000000
1.932000	0.000000
1.933000	0.000000
1.934000	0.000000
1.935000	0.000000
1.936000	0.000000
1.937000	0.000000
1.938000	0.000000
1.939000	0.000000
1.940000	0.000000
1.941000	0.000000
1.942000	0.000000
1.943000	0.000000
1.944000	0.000000
1.945000	0.000000
1.946000	0.000000
1.947000	0.000000
1.948000	0.000000
1.949000	0.000000
1.950000	0.000000
1.951000	0.000000
1.952000	0.000000
1.953000	0.000000
1.954000	0.000000
1.955000	0.000000
1.956000	0.000000
1.957000	0.000000
1.958000	0.000000
1.959000	0.000000
1.960000	0.000000
1.961000	0.000000
1.962000	0.000000
1.963000	0.000000
1.964000	0.000000
1.965000	0.000000
1.966000	0.000000
1.967000	0.000000
1.968000	0.000000
1.969000	0.000000
1.970000	0.000000
1.971000	0.000000
1.972000	0.000000
1.973000	0.000000
1.974000	0.000000
1.975000	0.000000
1.976000	0.000000
1.977000	0.000000
1.978000	0.000000
1.979000	0.000000
1.980000	0.000000
1.981000	0.000000
1.982000	0.000000
1.983000	0.000000
1.984000	0.000000
1.985000	0.000000
1.986000	0.000000
1.987000	0.000000
1.988000	0.000000
1.989000	0.000000
1.990000	0.000000
1.991000	0.000000
1.992000	0.000000
1.993000	0.000000
1.994000	0.000000
1.995000	0.000000
1.996000	0.000000
1.997000	0.000000
1.998000	0.000000
1.999000	0.000000
2.000000	0.000000
