-1.000000	0.000000	0.000000
1.000000	0.000000	0.000000
-0.900000	0.290245	0.287783
0.900000	0.290245	0.287783
-0.800000	0.468021	0.464758
0.800000	0.468021	0.464758
-0.700000	0.606638	0.603500
0.700000	0.606638	0.603500
-0.600000	0.717845	0.715542
0.600000	0.717845	0.715542
-0.500000	0.808751	0.805927
0.500000	0.808751	0.805927
-0.400000	0.883693	0.877424
0.400000	0.883693	0.877424
-0.300000	0.933535	0.931711
0.300000	0.933535	0.931711
-0.200000	0.968879	0.969847
0.200000	0.968879	0.969847
-0.100000	0.995919	0.992491
0.100000	0.995919	0.992491
0.000000	1.003008	1.000000
-0.000000	1.003008	1.000000
