-2.000000	0.000000
-1.999000	0.000000
-1.998000	0.000000
-1.997000	0.000000
-1.996000	0.000000
-1.995000	0.000000
-1.994000	0.000000
-1.993000	0.000000
-1.992000	0.000000
-1.991000	0.000000
-1.990000	0.000000
-1.989000	0.000000
-1.988000	0.000000
-1.987000	0.000000
-1.986000	0.000000
-1.985000	0.000000
-1.984000	0.000000
-1.983000	0.000000
-1.982000	0.000000
-1.981000	0.000000
-1.980000	0.000000
-1.979000	0.000000
-1.978000	0.000000
-1.977000	0.000000
-1.976000	0.000000
-1.975000	0.000000
-1.974000	0.000000
-1.973000	0.000000
-1.972000	0.000000
-1.971000	0.000000
-1.970000	0.000000
-1.969000	0.000000
-1.968000	0.000000
-1.967000	0.000000
-1.966000	0.000000
-1.965000	0.000000
-1.964000	0.000000
-1.963000	0.000000
-1.962000	0.000000
-1.961000	0.000000
-1.960000	0.000000
-1.959000	0.000000
-1.958000	0.000000
-1.957000	0.000000
-1.956000	0.000000
-1.955000	0.000000
-1.954000	0.000000
-1.953000	0.000000
-1.952000	0.000000
-1.951000	0.000000
-1.950000	0.000000
-1.949000	0.000000
-1.948000	0.000000
-1.947000	0.000000
-1.946000	0.000000
-1.945000	0.000000
-1.944000	0.000000
-1.943000	0.000000
-1.942000	0.000000
-1.941000	0.000000
-1.940000	0.000000
-1.939000	0.000000
-1.938000	0.000000
-1.937000	0.000000
-1.936000	0.000000
-1.935000	0.000000
-1.934000	0.000000
-1.933000	0.000000
-1.932000	0.000000
-1.931000	0.000000
-1.930000	0.000000
-1.929000	0.000000
-1.928000	0.000000
-1.927000	0.000000
-1.926000	0.000000
-1.925000	0.000000
-1.924000	0.000000
-1.923000	0.000000
-1.922000	0.000000
-1.921000	0.000000
-1.920000	0.000000
-1.919000	0.000000
-1.918000	0.000000
-1.917000	0.000000
-1.916000	0.000000
-1.915000	0.000000
-1.914000	0.000000
-1.913000	0.000000
-1.912000	0.000000
-1.911000	0.000000
-1.910000	0.000000
-1.909000	0.000000
-1.908000	0.000000
-1.907000	0.000000
-1.906000	0.000000
-1.905000	0.000000
-1.904000	0.000000
-1.903000	0.000000
-1.902000	0.000000
-1.901000	0.000000
-1.900000	0.000000
-1.899000	0.000000
-1.898000	0.000000
-1.897000	0.000000
-1.896000	0.000000
-1.895000	0.000000
-1.894000	0.000000
-1.893000	0.000000
-1.892000	0.000000
-1.891000	0.000000
-1.890000	0.000000
-1.889000	0.000000
-1.888000	0.000000
-1.887000	0.000000
-1.886000	0.000000
-1.885000	0.000000
-1.884000	0.000000
-1.883000	0.000000
-1.882000	0.000000
-1.881000	0.000000
-1.880000	0.000000
-1.879000	0.000000
-1.878000	0.000000
-1.877000	0.000000
-1.876000	0.000000
-1.875000	0.000000
-1.874000	0.000000
-1.873000	0.000000
-1.872000	0.000000
-1.871000	0.000000
-1.870000	0.000000
-1.869000	0.000000
-1.868000	0.000000
-1.867000	0.000000
-1.866000	0.000000
-1.865000	0.000000
-1.864000	0.000000
-1.863000	0.000000
-1.862000	0.000000
-1.861000	0.000000
-1.860000	0.000000
-1.859000	0.000000
-1.858000	0.000000
-1.857000	0.000000
-1.856000	0.000000
-1.855000	0.000000
-1.854000	0.000000
-1.853000	0.000000
-1.852000	0.000000
-1.851000	0.000000
-1.850000	0.000000
-1.849000	0.000000
-1.848000	0.000000
-1.847000	0.000000
-1.846000	0.000000
-1.845000	0.000000
-1.844000	0.000000
-1.843000	0.000000
-1.842000	0.000000
-1.841000	0.000000
-1.840000	0.000000
-1.839000	0.000000
-1.838000	0.000000
-1.837000	0.000000
-1.836000	0.000000
-1.835000	0.000000
-1.834000	0.000000
-1.833000	0.000000
-1.832000	0.000000
-1.831000	0.000000
-1.830000	0.000000
-1.829000	0.000000
-1.828000	0.000000
-1.827000	0.000000
-1.826000	0.000000
-1.825000	0.000000
-1.824000	0.000000
-1.823000	0.000000
-1.822000	0.000000
-1.821000	0.000000
-1.820000	0.000000
-1.819000	0.000000
-1.818000	0.000000
-1.817000	0.000000
-1.816000	0.000000
-1.815000	0.000000
-1.814000	0.000000
-1.813000	0.000000
-1.812000	0.000000
-1.811000	0.000000
-1.810000	0.000000
-1.809000	0.000000
-1.808000	0.000000
-1.807000	0.000000
-1.806000	0.000000
-1.805000	0.000000
-1.804000	0.000000
-1.803000	0.000000
-1.802000	0.000000
-1.801000	0.000000
-1.800000	0.000000
-1.799000	0.000000
-1.798000	0.000000
-1.797000	0.000000
-1.796000	0.000000
-1.795000	0.000000
-1.794000	0.000000
-1.793000	0.000000
-1.792000	0.000000
-1.791000	0.000000
-1.790000	0.000000
-1.789000	0.000000
-1.788000	0.000000
-1.787000	0.000000
-1.786000	0.000000
-1.785000	0.000000
-1.784000	0.000000
-1.783000	0.000000
-1.782000	0.000000
-1.781000	0.000000
-1.780000	0.000000
-1.779000	0.000000
-1.778000	0.000000
-1.777000	0.000000
-1.776000	0.000000
-1.775000	0.000000
-1.774000	0.000000
-1.773000	0.000000
-1.772000	0.000000
-1.771000	0.000000
-1.770000	0.000000
-1.769000	0.000000
-1.768000	0.000000
-1.767000	0.000000
-1.766000	0.000000
-1.765000	0.000000
-1.764000	0.000000
-1.763000	0.000000
-1.762000	0.000000
-1.761000	0.000000
-1.760000	0.000000
-1.759000	0.000000
-1.758000	0.000000
-1.757000	0.000000
-1.756000	0.000000
-1.755000	0.000000
-1.754000	0.000000
-1.753000	0.000000
-1.752000	0.000000
-1.751000	0.000000
-1.750000	0.000000
-1.749000	0.000000
-1.748000	0.000000
-1.747000	0.000000
-1.746000	0.000000
-1.745000	0.000000
-1.744000	0.000000
-1.743000	0.000000
-1.742000	0.000000
-1.741000	0.000000
-1.740000	0.000000
-1.739000	0.000000
-1.738000	0.000000
-1.737000	0.000000
-1.736000	0.000000
-1.735000	0.000000
-1.734000	0.000000
-1.733000	0.000000
-1.732000	0.000000
-1.731000	0.000000
-1.730000	0.000000
-1.729000	0.000000
-1.728000	0.000000
-1.727000	0.000000
-1.726000	0.000000
-1.725000	0.000000
-1.724000	0.000000
-1.723000	0.000000
-1.722000	0.000000
-1.721000	0.000000
-1.720000	0.000000
-1.719000	0.000000
-1.718000	0.000000
-1.717000	0.000000
-1.716000	0.000000
-1.715000	0.000000
-1.714000	0.000000
-1.713000	0.000000
-1.712000	0.000000
-1.711000	0.000000
-1.710000	0.000000
-1.709000	0.000000
-1.708000	0.000000
-1.707000	0.000000
-1.706000	0.000000
-1.705000	0.000000
-1.704000	0.000000
-1.703000	0.000000
-1.702000	0.000000
-1.701000	0.000000
-1.700000	0.000000
-1.699000	0.000000
-1.698000	0.000000
-1.697000	0.000000
-1.696000	0.000000
-1.695000	0.000000
-1.694000	0.000000
-1.693000	0.000000
-1.692000	0.000000
-1.691000	0.000000
-1.690000	0.000000
-1.689000	0.000000
-1.688000	0.000000
-1.687000	0.000000
-1.686000	0.000000
-1.685000	0.000000
-1.684000	0.000000
-1.683000	0.000000
-1.682000	0.000000
-1.681000	0.000000
-1.680000	0.000000
-1.679000	0.000000
-1.678000	0.000000
-1.677000	0.000000
-1.676000	0.000000
-1.675000	0.000000
-1.674000	0.000000
-1.673000	0.000000
-1.672000	0.000000
-1.671000	0.000000
-1.670000	0.000000
-1.669000	0.000000
-1.668000	0.000000
-1.667000	0.000000
-1.666000	0.000000
-1.665000	0.000000
-1.664000	0.000000
-1.663000	0.000000
-1.662000	0.000000
-1.661000	0.000000
-1.660000	0.000000
-1.659000	0.000000
-1.658000	0.000000
-1.657000	0.000000
-1.656000	0.000000
-1.655000	0.000000
-1.654000	0.000000
-1.653000	0.000000
-1.652000	0.000000
-1.651000	0.000000
-1.650000	0.000000
-1.649000	0.000000
-1.648000	0.000000
-1.647000	0.000000
-1.646000	0.000000
-1.645000	0.000000
-1.644000	0.000000
-1.643000	0.000000
-1.642000	0.000000
-1.641000	0.000000
-1.640000	0.000000
-1.639000	0.000000
-1.638000	0.000000
-1.637000	0.000000
-1.636000	0.000000
-1.635000	0.000000
-1.634000	0.000000
-1.633000	0.000000
-1.632000	0.000000
-1.631000	0.000000
-1.630000	0.000000
-1.629000	0.000000
-1.628000	0.000000
-1.627000	0.000000
-1.626000	0.000000
-1.625000	0.000000
-1.624000	0.000000
-1.623000	0.000000
-1.622000	0.000000
-1.621000	0.000000
-1.620000	0.000000
-1.619000	0.000000
-1.618000	0.000000
-1.617000	0.000000
-1.616000	0.000000
-1.615000	0.000000
-1.614000	0.000000
-1.613000	0.000000
-1.612000	0.000000
-1.611000	0.000000
-1.610000	0.000000
-1.609000	0.000000
-1.608000	0.000000
-1.607000	0.000000
-1.606000	0.000000
-1.605000	0.000000
-1.604000	0.000000
-1.603000	0.000000
-1.602000	0.000000
-1.601000	0.000000
-1.600000	0.000000
-1.599000	0.000000
-1.598000	0.000000
-1.597000	0.000000
-1.596000	0.000000
-1.595000	0.000000
-1.594000	0.000000
-1.593000	0.000000
-1.592000	0.000000
-1.591000	0.000000
-1.590000	0.000000
-1.589000	0.000000
-1.588000	0.000000
-1.587000	0.000000
-1.586000	0.000000
-1.585000	0.000000
-1.584000	0.000000
-1.583000	0.000000
-1.582000	0.000000
-1.581000	0.000000
-1.580000	0.000000
-1.579000	0.000000
-1.578000	0.000000
-1.577000	0.000000
-1.576000	0.000000
-1.575000	0.000000
-1.574000	0.000000
-1.573000	0.000000
-1.572000	0.000000
-1.571000	0.000000
-1.570000	0.000000
-1.569000	0.000000
-1.568000	0.000000
-1.567000	0.000000
-1.566000	0.000000
-1.565000	0.000000
-1.564000	0.000000
-1.563000	0.000000
-1.562000	0.000000
-1.561000	0.000000
-1.560000	0.000000
-1.559000	0.000000
-1.558000	0.000000
-1.557000	0.000000
-1.556000	0.000000
-1.555000	0.000000
-1.554000	0.000000
-1.553000	0.000000
-1.552000	0.000000
-1.551000	0.000000
-1.550000	0.000000
-1.549000	0.000000
-1.548000	0.000000
-1.547000	0.000000
-1.546000	0.000000
-1.545000	0.000000
-1.544000	0.000000
-1.543000	0.000000
-1.542000	0.000000
-1.541000	0.000000
-1.540000	0.000000
-1.539000	0.000000
-1.538000	0.000000
-1.537000	0.000000
-1.536000	0.000000
-1.535000	0.000000
-1.534000	0.000000
-1.533000	0.000000
-1.532000	0.000000
-1.531000	0.000000
-1.530000	0.000000
-1.529000	0.000000
-1.528000	0.000000
-1.527000	0.000000
-1.526000	0.000000
-1.525000	0.000000
-1.524000	0.000000
-1.523000	0.000000
-1.522000	0.000000
-1.521000	0.000000
-1.520000	0.000000
-1.519000	0.000000
-1.518000	0.000000
-1.517000	0.000000
-1.516000	0.000000
-1.515000	0.000000
-1.514000	0.000000
-1.513000	0.000000
-1.512000	0.000000
-1.511000	0.000000
-1.510000	0.000000
-1.509000	0.000000
-1.508000	0.000000
-1.507000	0.000000
-1.506000	0.000000
-1.505000	0.000000
-1.504000	0.000000
-1.503000	0.000000
-1.502000	0.000000
-1.501000	0.000000
-1.500000	0.000000
-1.499000	0.000000
-1.498000	0.000000
-1.497000	0.000000
-1.496000	0.000000
-1.495000	0.000000
-1.494000	0.000000
-1.493000	0.000000
-1.492000	0.000000
-1.491000	0.000000
-1.490000	0.000000
-1.489000	0.000000
-1.488000	0.000000
-1.487000	0.000000
-1.486000	0.000000
-1.485000	0.000000
-1.484000	0.000000
-1.483000	0.000000
-1.482000	0.000000
-1.481000	0.000000
-1.480000	0.000000
-1.479000	0.000000
-1.478000	0.000000
-1.477000	0.000000
-1.476000	0.000000
-1.475000	0.000000
-1.474000	0.000000
-1.473000	0.000000
-1.472000	0.000000
-1.471000	0.000000
-1.470000	0.000000
-1.469000	0.000000
-1.468000	0.000000
-1.467000	0.000000
-1.466000	0.000000
-1.465000	0.000000
-1.464000	0.000000
-1.463000	0.000000
-1.462000	0.000000
-1.461000	0.000000
-1.460000	0.000000
-1.459000	0.000000
-1.458000	0.000000
-1.457000	0.000000
-1.456000	0.000000
-1.455000	0.000000
-1.454000	0.000000
-1.453000	0.000000
-1.452000	0.000000
-1.451000	0.000000
-1.450000	0.000000
-1.449000	0.000000
-1.448000	0.000000
-1.447000	0.000000
-1.446000	0.000000
-1.445000	0.000000
-1.444000	0.000000
-1.443000	0.000000
-1.442000	0.000000
-1.441000	0.000000
-1.440000	0.000000
-1.439000	0.000000
-1.438000	0.000000
-1.437000	0.000000
-1.436000	0.000000
-1.435000	0.000000
-1.434000	0.000000
-1.433000	0.000000
-1.432000	0.000000
-1.431000	0.000000
-1.430000	0.000000
-1.429000	0.000000
-1.428000	0.000000
-1.427000	0.000000
-1.426000	0.000000
-1.425000	0.000000
-1.424000	0.000000
-1.423000	0.000000
-1.422000	0.000000
-1.421000	0.000000
-1.420000	0.000000
-1.419000	0.000000
-1.418000	0.000000
-1.417000	0.000000
-1.416000	0.000000
-1.415000	0.000000
-1.414000	0.000000
-1.413000	0.000000
-1.412000	0.000000
-1.411000	0.000000
-1.410000	0.000000
-1.409000	0.000000
-1.408000	0.000000
-1.407000	0.000000
-1.406000	0.000000
-1.405000	0.000000
-1.404000	0.000000
-1.403000	0.000000
-1.402000	0.000000
-1.401000	0.000000
-1.400000	0.000000
-1.399000	0.000000
-1.398000	0.000000
-1.397000	0.000000
-1.396000	0.000000
-1.395000	0.000000
-1.394000	0.000000
-1.393000	0.000000
-1.392000	0.000000
-1.391000	0.000000
-1.390000	0.000000
-1.389000	0.000000
-1.388000	0.000000
-1.387000	0.000000
-1.386000	0.000000
-1.385000	0.000000
-1.384000	0.000000
-1.383000	0.000000
-1.382000	0.000000
-1.381000	0.000000
-1.380000	0.000000
-1.379000	0.000000
-1.378000	0.000000
-1.377000	0.000000
-1.376000	0.000000
-1.375000	0.000000
-1.374000	0.000000
-1.373000	0.000000
-1.372000	0.000000
-1.371000	0.000000
-1.370000	0.000000
-1.369000	0.000000
-1.368000	0.000000
-1.367000	0.000000
-1.366000	0.000000
-1.365000	0.000000
-1.364000	0.000000
-1.363000	0.000000
-1.362000	0.000000
-1.361000	0.000000
-1.360000	0.000000
-1.359000	0.000000
-1.358000	0.000000
-1.357000	0.000000
-1.356000	0.000000
-1.355000	0.000000
-1.354000	0.000000
-1.353000	0.000000
-1.352000	0.000000
-1.351000	0.000000
-1.350000	0.000000
-1.349000	0.000000
-1.348000	0.000000
-1.347000	0.000000
-1.346000	0.000000
-1.345000	0.000000
-1.344000	0.000000
-1.343000	0.000000
-1.342000	0.000000
-1.341000	0.000000
-1.340000	0.000000
-1.339000	0.000000
-1.338000	0.000000
-1.337000	0.000000
-1.336000	0.000000
-1.335000	0.000000
-1.334000	0.000000
-1.333000	0.000000
-1.332000	0.000000
-1.331000	0.000000
-1.330000	0.000000
-1.329000	0.000000
-1.328000	0.000000
-1.327000	0.000000
-1.326000	0.000000
-1.325000	0.000000
-1.324000	0.000000
-1.323000	0.000000
-1.322000	0.000000
-1.321000	0.000000
-1.320000	0.000000
-1.319000	0.000000
-1.318000	0.000000
-1.317000	0.000000
-1.316000	0.000000
-1.315000	0.000000
-1.314000	0.000000
-1.313000	0.000000
-1.312000	0.000000
-1.311000	0.000000
-1.310000	0.000000
-1.309000	0.000000
-1.308000	0.000000
-1.307000	0.000000
-1.306000	0.000000
-1.305000	0.000000
-1.304000	0.000000
-1.303000	0.000000
-1.302000	0.000000
-1.301000	0.000000
-1.300000	0.000000
-1.299000	0.000000
-1.298000	0.000000
-1.297000	0.000000
-1.296000	0.000000
-1.295000	0.000000
-1.294000	0.000000
-1.293000	0.000000
-1.292000	0.000000
-1.291000	0.000000
-1.290000	0.000000
-1.289000	0.000000
-1.288000	0.000000
-1.287000	0.000000
-1.286000	0.000000
-1.285000	0.000000
-1.284000	0.000000
-1.283000	0.000000
-1.282000	0.000000
-1.281000	0.000000
-1.280000	0.000000
-1.279000	0.000000
-1.278000	0.000000
-1.277000	0.000000
-1.276000	0.000000
-1.275000	0.000000
-1.274000	0.000000
-1.273000	0.000000
-1.272000	0.000000
-1.271000	0.000000
-1.270000	0.000000
-1.269000	0.000000
-1.268000	0.000000
-1.267000	0.000000
-1.266000	0.000000
-1.265000	0.000000
-1.264000	0.000000
-1.263000	0.000000
-1.262000	0.000000
-1.261000	0.000000
-1.260000	0.000000
-1.259000	0.000000
-1.258000	0.000000
-1.257000	0.000000
-1.256000	0.000000
-1.255000	0.000000
-1.254000	0.000000
-1.253000	0.000000
-1.252000	0.000000
-1.251000	0.000000
-1.250000	0.000000
-1.249000	0.000000
-1.248000	0.000000
-1.247000	0.000000
-1.246000	0.000000
-1.245000	0.000000
-1.244000	0.000000
-1.243000	0.000000
-1.242000	0.000000
-1.241000	0.000000
-1.240000	0.000000
-1.239000	0.000000
-1.238000	0.000000
-1.237000	0.000000
-1.236000	0.000000
-1.235000	0.000000
-1.234000	0.000000
-1.233000	0.000000
-1.232000	0.000000
-1.231000	0.000000
-1.230000	0.000000
-1.229000	0.000000
-1.228000	0.000000
-1.227000	0.000000
-1.226000	0.000000
-1.225000	0.000000
-1.224000	0.000000
-1.223000	0.000000
-1.222000	0.000000
-1.221000	0.000000
-1.220000	0.000000
-1.219000	0.000000
-1.218000	0.000000
-1.217000	0.000000
-1.216000	0.000000
-1.215000	0.000000
-1.214000	0.000000
-1.213000	0.000000
-1.212000	0.000000
-1.211000	0.000000
-1.210000	0.000000
-1.209000	0.000000
-1.208000	0.000000
-1.207000	0.000000
-1.206000	0.000000
-1.205000	0.000000
-1.204000	0.000000
-1.203000	0.000000
-1.202000	0.000000
-1.201000	0.000000
-1.200000	0.000000
-1.199000	0.000000
-1.198000	0.000000
-1.197000	0.000000
-1.196000	0.000000
-1.195000	0.000000
-1.194000	0.000000
-1.193000	0.000000
-1.192000	0.000000
-1.191000	0.000000
-1.190000	0.000000
-1.189000	0.000000
-1.188000	0.000000
-1.187000	0.000000
-1.186000	0.000000
-1.185000	0.000000
-1.184000	0.000000
-1.183000	0.000000
-1.182000	0.000000
-1.181000	0.000000
-1.180000	0.000000
-1.179000	0.000000
-1.178000	0.000000
-1.177000	0.000000
-1.176000	0.000000
-1.175000	0.000000
-1.174000	0.000000
-1.173000	0.000000
-1.172000	0.000000
-1.171000	0.000000
-1.170000	0.000000
-1.169000	0.000000
-1.168000	0.000000
-1.167000	0.000000
-1.166000	0.000000
-1.165000	0.000000
-1.164000	0.000000
-1.163000	0.000000
-1.162000	0.000000
-1.161000	0.000000
-1.160000	0.000000
-1.159000	0.000000
-1.158000	0.000000
-1.157000	0.000000
-1.156000	0.000000
-1.155000	0.000000
-1.154000	0.000000
-1.153000	0.000000
-1.152000	0.000000
-1.151000	0.000000
-1.150000	0.000000
-1.149000	0.000000
-1.148000	0.000000
-1.147000	0.000000
-1.146000	0.000000
-1.145000	0.000000
-1.144000	0.000000
-1.143000	0.000000
-1.142000	0.000000
-1.141000	0.000000
-1.140000	0.000000
-1.139000	0.000000
-1.138000	0.000000
-1.137000	0.000000
-1.136000	0.000000
-1.135000	0.000000
-1.134000	0.000000
-1.133000	0.000000
-1.132000	0.000000
-1.131000	0.000000
-1.130000	0.000000
-1.129000	0.000000
-1.128000	0.000000
-1.127000	0.000000
-1.126000	0.000000
-1.125000	0.000000
-1.124000	0.000000
-1.123000	0.000000
-1.122000	0.000000
-1.121000	0.000000
-1.120000	0.000000
-1.119000	0.000000
-1.118000	0.000000
-1.117000	0.000000
-1.116000	0.000000
-1.115000	0.000000
-1.114000	0.000000
-1.113000	0.000000
-1.112000	0.000000
-1.111000	0.000000
-1.110000	0.000000
-1.109000	0.000000
-1.108000	0.000000
-1.107000	0.000000
-1.106000	0.000000
-1.105000	0.000000
-1.104000	0.000000
-1.103000	0.000000
-1.102000	0.000000
-1.101000	0.000000
-1.100000	0.000000
-1.099000	0.000000
-1.098000	0.000000
-1.097000	0.000000
-1.096000	0.000000
-1.095000	0.000000
-1.094000	0.000000
-1.093000	0.000000
-1.092000	0.000000
-1.091000	0.000000
-1.090000	0.000000
-1.089000	0.000000
-1.088000	0.000000
-1.087000	0.000000
-1.086000	0.000000
-1.085000	0.000000
-1.084000	0.000000
-1.083000	0.000000
-1.082000	0.000000
-1.081000	0.000000
-1.080000	0.000000
-1.079000	0.000000
-1.078000	0.000000
-1.077000	0.000000
-1.076000	0.000000
-1.075000	0.000000
-1.074000	0.000000
-1.073000	0.000000
-1.072000	0.000000
-1.071000	0.000000
-1.070000	0.000000
-1.069000	0.000000
-1.068000	0.000000
-1.067000	0.000000
-1.066000	0.000000
-1.065000	0.000000
-1.064000	0.000000
-1.063000	0.000000
-1.062000	0.000000
-1.061000	0.000000
-1.060000	0.000000
-1.059000	0.000000
-1.058000	0.000000
-1.057000	0.000000
-1.056000	0.000000
-1.055000	0.000000
-1.054000	0.000000
-1.053000	0.000000
-1.052000	0.000000
-1.051000	0.000000
-1.050000	0.000000
-1.049000	0.000000
-1.048000	0.000000
-1.047000	0.000000
-1.046000	0.000000
-1.045000	0.000000
-1.044000	0.000000
-1.043000	0.000000
-1.042000	0.000000
-1.041000	0.000000
-1.040000	0.000000
-1.039000	0.000000
-1.038000	0.000000
-1.037000	0.000000
-1.036000	0.000000
-1.035000	0.000000
-1.034000	0.000000
-1.033000	0.000000
-1.032000	0.000000
-1.031000	0.000000
-1.030000	0.000000
-1.029000	0.000000
-1.028000	0.000000
-1.027000	0.000000
-1.026000	0.000000
-1.025000	0.000000
-1.024000	0.000000
-1.023000	0.000000
-1.022000	0.000000
-1.021000	0.000000
-1.020000	0.000000
-1.019000	0.000000
-1.018000	0.000000
-1.017000	0.000000
-1.016000	0.000000
-1.015000	0.000000
-1.014000	0.000000
-1.013000	0.000000
-1.012000	0.000000
-1.011000	0.000000
-1.010000	0.000000
-1.009000	0.000000
-1.008000	0.000000
-1.007000	0.000000
-1.006000	0.000000
-1.005000	0.000000
-1.004000	0.000000
-1.003000	0.000000
-1.002000	0.000000
-1.001000	0.000000
-1.000000	0.000000
-0.999000	0.000000
-0.998000	0.000000
-0.997000	0.000000
-0.996000	0.000000
-0.995000	0.000000
-0.994000	0.000000
-0.993000	0.000000
-0.992000	0.000000
-0.991000	0.000000
-0.990000	0.000000
-0.989000	0.000000
-0.988000	0.000001
-0.987000	0.000001
-0.986000	0.000001
-0.985000	0.000001
-0.984000	0.000002
-0.983000	0.000002
-0.982000	0.000002
-0.981000	0.000003
-0.980000	0.000004
-0.979000	0.000004
-0.978000	0.000005
-0.977000	0.000006
-0.976000	0.000007
-0.975000	0.000009
-0.974000	0.000010
-0.973000	0.000012
-0.972000	0.000013
-0.971000	0.000015
-0.970000	0.000017
-0.969000	0.000020
-0.968000	0.000022
-0.967000	0.000025
-0.966000	0.000028
-0.965000	0.000031
-0.964000	0.000035
-0.963000	0.000039
-0.962000	0.000043
-0.961000	0.000047
-0.960000	0.000052
-0.959000	0.000057
-0.958000	0.000062
-0.957000	0.000068
-0.956000	0.000075
-0.955000	0.000081
-0.954000	0.000088
-0.953000	0.000096
-0.952000	0.000104
-0.951000	0.000112
-0.950000	0.000121
-0.949000	0.000130
-0.948000	0.000140
-0.947000	0.000151
-0.946000	0.000162
-0.945000	0.000173
-0.944000	0.000185
-0.943000	0.000198
-0.942000	0.000211
-0.941000	0.000226
-0.940000	0.000240
-0.939000	0.000256
-0.938000	0.000272
-0.937000	0.000288
-0.936000	0.000306
-0.935000	0.000324
-0.934000	0.000343
-0.933000	0.000363
-0.932000	0.000384
-0.931000	0.000405
-0.930000	0.000428
-0.929000	0.000451
-0.928000	0.000475
-0.927000	0.000500
-0.926000	0.000526
-0.925000	0.000553
-0.924000	0.000581
-0.923000	0.000610
-0.922000	0.000640
-0.921000	0.000671
-0.920000	0.000704
-0.919000	0.000737
-0.918000	0.000771
-0.917000	0.000806
-0.916000	0.000843
-0.915000	0.000881
-0.914000	0.000920
-0.913000	0.000960
-0.912000	0.001001
-0.911000	0.001044
-0.910000	0.001088
-0.909000	0.001133
-0.908000	0.001180
-0.907000	0.001228
-0.906000	0.001277
-0.905000	0.001328
-0.904000	0.001380
-0.903000	0.001434
-0.902000	0.001489
-0.901000	0.001546
-0.900000	0.001604
-0.899000	0.001664
-0.898000	0.001725
-0.897000	0.001788
-0.896000	0.001852
-0.895000	0.001918
-0.894000	0.001986
-0.893000	0.002055
-0.892000	0.002126
-0.891000	0.002199
-0.890000	0.002273
-0.889000	0.002350
-0.888000	0.002428
-0.887000	0.002508
-0.886000	0.002590
-0.885000	0.002673
-0.884000	0.002759
-0.883000	0.002846
-0.882000	0.002936
-0.881000	0.003027
-0.880000	0.003120
-0.879000	0.003216
-0.878000	0.003313
-0.877000	0.003412
-0.876000	0.003514
-0.875000	0.003617
-0.874000	0.003723
-0.873000	0.003831
-0.872000	0.003941
-0.871000	0.004053
-0.870000	0.004168
-0.869000	0.004285
-0.868000	0.004404
-0.867000	0.004525
-0.866000	0.004649
-0.865000	0.004774
-0.864000	0.004903
-0.863000	0.005033
-0.862000	0.005167
-0.861000	0.005302
-0.860000	0.005440
-0.859000	0.005581
-0.858000	0.005724
-0.857000	0.005869
-0.856000	0.006017
-0.855000	0.006168
-0.854000	0.006321
-0.853000	0.006477
-0.852000	0.006635
-0.851000	0.006797
-0.850000	0.006961
-0.849000	0.007127
-0.848000	0.007296
-0.847000	0.007469
-0.846000	0.007643
-0.845000	0.007821
-0.844000	0.008002
-0.843000	0.008185
-0.842000	0.008371
-0.841000	0.008560
-0.840000	0.008753
-0.839000	0.008948
-0.838000	0.009146
-0.837000	0.009347
-0.836000	0.009551
-0.835000	0.009758
-0.834000	0.009968
-0.833000	0.010181
-0.832000	0.010397
-0.831000	0.010616
-0.830000	0.010839
-0.829000	0.011065
-0.828000	0.011294
-0.827000	0.011526
-0.826000	0.011761
-0.825000	0.012000
-0.824000	0.012241
-0.823000	0.012487
-0.822000	0.012735
-0.821000	0.012987
-0.820000	0.013242
-0.819000	0.013501
-0.818000	0.013763
-0.817000	0.014028
-0.816000	0.014297
-0.815000	0.014569
-0.814000	0.014845
-0.813000	0.015124
-0.812000	0.015407
-0.811000	0.015694
-0.810000	0.015984
-0.809000	0.016277
-0.808000	0.016574
-0.807000	0.016875
-0.806000	0.017180
-0.805000	0.017488
-0.804000	0.017800
-0.803000	0.018115
-0.802000	0.018434
-0.801000	0.018757
-0.800000	0.019084
-0.799000	0.019415
-0.798000	0.019749
-0.797000	0.020087
-0.796000	0.020429
-0.795000	0.020775
-0.794000	0.021125
-0.793000	0.021479
-0.792000	0.021836
-0.791000	0.022198
-0.790000	0.022563
-0.789000	0.022933
-0.788000	0.023306
-0.787000	0.023684
-0.786000	0.024065
-0.785000	0.024451
-0.784000	0.024841
-0.783000	0.025234
-0.782000	0.025632
-0.781000	0.026034
-0.780000	0.026440
-0.779000	0.026850
-0.778000	0.027265
-0.777000	0.027683
-0.776000	0.028106
-0.775000	0.028533
-0.774000	0.028964
-0.773000	0.029400
-0.772000	0.029840
-0.771000	0.030284
-0.770000	0.030732
-0.769000	0.031185
-0.768000	0.031642
-0.767000	0.032103
-0.766000	0.032569
-0.765000	0.033039
-0.764000	0.033513
-0.763000	0.033992
-0.762000	0.034475
-0.761000	0.034963
-0.760000	0.035455
-0.759000	0.035952
-0.758000	0.036453
-0.757000	0.036959
-0.756000	0.037469
-0.755000	0.037983
-0.754000	0.038502
-0.753000	0.039026
-0.752000	0.039554
-0.751000	0.040087
-0.750000	0.040625
-0.749000	0.041167
-0.748000	0.041713
-0.747000	0.042265
-0.746000	0.042821
-0.745000	0.043381
-0.744000	0.043946
-0.743000	0.044516
-0.742000	0.045091
-0.741000	0.045670
-0.740000	0.046254
-0.739000	0.046843
-0.738000	0.047436
-0.737000	0.048034
-0.736000	0.048637
-0.735000	0.049245
-0.734000	0.049858
-0.733000	0.050475
-0.732000	0.051097
-0.731000	0.051724
-0.730000	0.052356
-0.729000	0.052992
-0.728000	0.053634
-0.727000	0.054280
-0.726000	0.054931
-0.725000	0.055587
-0.724000	0.056248
-0.723000	0.056913
-0.722000	0.057584
-0.721000	0.058260
-0.720000	0.058940
-0.719000	0.059625
-0.718000	0.060316
-0.717000	0.061011
-0.716000	0.061711
-0.715000	0.062416
-0.714000	0.063126
-0.713000	0.063841
-0.712000	0.064561
-0.711000	0.065286
-0.710000	0.066016
-0.709000	0.066751
-0.708000	0.067491
-0.707000	0.068237
-0.706000	0.068987
-0.705000	0.069742
-0.704000	0.070502
-0.703000	0.071267
-0.702000	0.072037
-0.701000	0.072812
-0.700000	0.073593
-0.699000	0.074378
-0.698000	0.075168
-0.697000	0.075964
-0.696000	0.076764
-0.695000	0.077570
-0.694000	0.078381
-0.693000	0.079197
-0.692000	0.080018
-0.691000	0.080844
-0.690000	0.081675
-0.689000	0.082511
-0.688000	0.083352
-0.687000	0.084199
-0.686000	0.085050
-0.685000	0.085907
-0.684000	0.086769
-0.683000	0.087636
-0.682000	0.088508
-0.681000	0.089385
-0.680000	0.090267
-0.679000	0.091155
-0.678000	0.092047
-0.677000	0.092945
-0.676000	0.093848
-0.675000	0.094756
-0.674000	0.095669
-0.673000	0.096587
-0.672000	0.097511
-0.671000	0.098439
-0.670000	0.099373
-0.669000	0.100312
-0.668000	0.101256
-0.667000	0.102205
-0.666000	0.103159
-0.665000	0.104119
-0.664000	0.105083
-0.663000	0.106053
-0.662000	0.107028
-0.661000	0.108008
-0.660000	0.108993
-0.659000	0.109984
-0.658000	0.110979
-0.657000	0.111980
-0.656000	0.112986
-0.655000	0.113996
-0.654000	0.115012
-0.653000	0.116034
-0.652000	0.117060
-0.651000	0.118091
-0.650000	0.119128
-0.649000	0.120170
-0.648000	0.121217
-0.647000	0.122269
-0.646000	0.123326
-0.645000	0.124388
-0.644000	0.125455
-0.643000	0.126527
-0.642000	0.127605
-0.641000	0.128688
-0.640000	0.129775
-0.639000	0.130868
-0.638000	0.131966
-0.637000	0.133069
-0.636000	0.134177
-0.635000	0.135290
-0.634000	0.136408
-0.633000	0.137532
-0.632000	0.138660
-0.631000	0.139793
-0.630000	0.140932
-0.629000	0.142075
-0.628000	0.143224
-0.627000	0.144377
-0.626000	0.145536
-0.625000	0.146699
-0.624000	0.147868
-0.623000	0.149041
-0.622000	0.150220
-0.621000	0.151404
-0.620000	0.152592
-0.619000	0.153786
-0.618000	0.154984
-0.617000	0.156188
-0.616000	0.157396
-0.615000	0.158609
-0.614000	0.159828
-0.613000	0.161051
-0.612000	0.162279
-0.611000	0.163512
-0.610000	0.164750
-0.609000	0.165993
-0.608000	0.167241
-0.607000	0.168493
-0.606000	0.169751
-0.605000	0.171013
-0.604000	0.172280
-0.603000	0.173552
-0.602000	0.174829
-0.601000	0.176111
-0.600000	0.177397
-0.599000	0.178689
-0.598000	0.179985
-0.597000	0.181286
-0.596000	0.182591
-0.595000	0.183902
-0.594000	0.185217
-0.593000	0.186537
-0.592000	0.187861
-0.591000	0.189191
-0.590000	0.190525
-0.589000	0.191863
-0.588000	0.193207
-0.587000	0.194555
-0.586000	0.195908
-0.585000	0.197265
-0.584000	0.198627
-0.583000	0.199993
-0.582000	0.201365
-0.581000	0.202740
-0.580000	0.204121
-0.579000	0.205506
-0.578000	0.206895
-0.577000	0.208289
-0.576000	0.209688
-0.575000	0.211091
-0.574000	0.212498
-0.573000	0.213910
-0.572000	0.215327
-0.571000	0.216748
-0.570000	0.218173
-0.569000	0.219603
-0.568000	0.221037
-0.567000	0.222476
-0.566000	0.223919
-0.565000	0.225366
-0.564000	0.226818
-0.563000	0.228274
-0.562000	0.229734
-0.561000	0.231199
-0.560000	0.232668
-0.559000	0.234141
-0.558000	0.235619
-0.557000	0.237101
-0.556000	0.238587
-0.555000	0.240077
-0.554000	0.241571
-0.553000	0.243070
-0.552000	0.244573
-0.551000	0.246079
-0.550000	0.247590
-0.549000	0.249106
-0.548000	0.250625
-0.547000	0.252148
-0.546000	0.253675
-0.545000	0.255207
-0.544000	0.256742
-0.543000	0.258281
-0.542000	0.259825
-0.541000	0.261372
-0.540000	0.262923
-0.539000	0.264479
-0.538000	0.266038
-0.537000	0.267601
-0.536000	0.269168
-0.535000	0.270739
-0.534000	0.272313
-0.533000	0.273892
-0.532000	0.275474
-0.531000	0.277060
-0.530000	0.278650
-0.529000	0.280243
-0.528000	0.281840
-0.527000	0.283441
-0.526000	0.285046
-0.525000	0.286654
-0.524000	0.288266
-0.523000	0.289882
-0.522000	0.291501
-0.521000	0.293124
-0.520000	0.294750
-0.519000	0.296380
-0.518000	0.298013
-0.517000	0.299650
-0.516000	0.301290
-0.515000	0.302934
-0.514000	0.304581
-0.513000	0.306232
-0.512000	0.307886
-0.511000	0.309543
-0.510000	0.311204
-0.509000	0.312868
-0.508000	0.314536
-0.507000	0.316206
-0.506000	0.317880
-0.505000	0.319558
-0.504000	0.321238
-0.503000	0.322922
-0.502000	0.324608
-0.501000	0.326298
-0.500000	0.327991
-0.499000	0.329688
-0.498000	0.331387
-0.497000	0.333089
-0.496000	0.334794
-0.495000	0.336503
-0.494000	0.338214
-0.493000	0.339929
-0.492000	0.341646
-0.491000	0.343366
-0.490000	0.345089
-0.489000	0.346815
-0.488000	0.348544
-0.487000	0.350276
-0.486000	0.352010
-0.485000	0.353747
-0.484000	0.355487
-0.483000	0.357230
-0.482000	0.358975
-0.481000	0.360723
-0.480000	0.362474
-0.479000	0.364228
-0.478000	0.365984
-0.477000	0.367742
-0.476000	0.369503
-0.475000	0.371267
-0.474000	0.373033
-0.473000	0.374802
-0.472000	0.376573
-0.471000	0.378347
-0.470000	0.380123
-0.469000	0.381901
-0.468000	0.383682
-0.467000	0.385465
-0.466000	0.387250
-0.465000	0.389038
-0.464000	0.390828
-0.463000	0.392620
-0.462000	0.394414
-0.461000	0.396211
-0.460000	0.398009
-0.459000	0.399810
-0.458000	0.401613
-0.457000	0.403418
-0.456000	0.405225
-0.455000	0.407034
-0.454000	0.408845
-0.453000	0.410658
-0.452000	0.412473
-0.451000	0.414290
-0.450000	0.416108
-0.449000	0.417929
-0.448000	0.419751
-0.447000	0.421576
-0.446000	0.423402
-0.445000	0.425229
-0.444000	0.427059
-0.443000	0.428890
-0.442000	0.430723
-0.441000	0.432557
-0.440000	0.434393
-0.439000	0.436231
-0.438000	0.438070
-0.437000	0.439911
-0.436000	0.441753
-0.435000	0.443597
-0.434000	0.445442
-0.433000	0.447289
-0.432000	0.449137
-0.431000	0.450987
-0.430000	0.452837
-0.429000	0.454689
-0.428000	0.456543
-0.427000	0.458397
-0.426000	0.460253
-0.425000	0.462110
-0.424000	0.463968
-0.423000	0.465828
-0.422000	0.467688
-0.421000	0.469550
-0.420000	0.471412
-0.419000	0.473276
-0.418000	0.475140
-0.417000	0.477006
-0.416000	0.478872
-0.415000	0.480740
-0.414000	0.482608
-0.413000	0.484477
-0.412000	0.486347
-0.411000	0.488218
-0.410000	0.490090
-0.409000	0.491962
-0.408000	0.493835
-0.407000	0.495709
-0.406000	0.497583
-0.405000	0.499458
-0.404000	0.501334
-0.403000	0.503210
-0.402000	0.505086
-0.401000	0.506964
-0.400000	0.508841
-0.399000	0.510719
-0.398000	0.512598
-0.397000	0.514477
-0.396000	0.516356
-0.395000	0.518235
-0.394000	0.520115
-0.393000	0.521995
-0.392000	0.523876
-0.391000	0.525756
-0.390000	0.527637
-0.389000	0.529518
-0.388000	0.531399
-0.387000	0.533280
-0.386000	0.535162
-0.385000	0.537043
-0.384000	0.538924
-0.383000	0.540805
-0.382000	0.542686
-0.381000	0.544568
-0.380000	0.546449
-0.379000	0.548329
-0.378000	0.550210
-0.377000	0.552090
-0.376000	0.553971
-0.375000	0.555851
-0.374000	0.557730
-0.373000	0.559609
-0.372000	0.561488
-0.371000	0.563367
-0.370000	0.565245
-0.369000	0.567123
-0.368000	0.569000
-0.367000	0.570877
-0.366000	0.572753
-0.365000	0.574629
-0.364000	0.576504
-0.363000	0.578378
-0.362000	0.580252
-0.361000	0.582125
-0.360000	0.583997
-0.359000	0.585869
-0.358000	0.587739
-0.357000	0.589609
-0.356000	0.591479
-0.355000	0.593347
-0.354000	0.595214
-0.353000	0.597081
-0.352000	0.598946
-0.351000	0.600811
-0.350000	0.602674
-0.349000	0.604537
-0.348000	0.606398
-0.347000	0.608258
-0.346000	0.610117
-0.345000	0.611975
-0.344000	0.613832
-0.343000	0.615688
-0.342000	0.617542
-0.341000	0.619395
-0.340000	0.621246
-0.339000	0.623097
-0.338000	0.624946
-0.337000	0.626793
-0.336000	0.628639
-0.335000	0.630484
-0.334000	0.632327
-0.333000	0.634168
-0.332000	0.636008
-0.331000	0.637846
-0.330000	0.639683
-0.329000	0.641518
-0.328000	0.643352
-0.327000	0.645183
-0.326000	0.647013
-0.325000	0.648842
-0.324000	0.650668
-0.323000	0.652492
-0.322000	0.654315
-0.321000	0.656136
-0.320000	0.657955
-0.319000	0.659772
-0.318000	0.661587
-0.317000	0.663399
-0.316000	0.665210
-0.315000	0.667019
-0.314000	0.668826
-0.313000	0.670630
-0.312000	0.672433
-0.311000	0.674233
-0.310000	0.676031
-0.309000	0.677827
-0.308000	0.679620
-0.307000	0.681411
-0.306000	0.683200
-0.305000	0.684986
-0.304000	0.686770
-0.303000	0.688552
-0.302000	0.690331
-0.301000	0.692108
-0.300000	0.693882
-0.299000	0.695653
-0.298000	0.697422
-0.297000	0.699189
-0.296000	0.700952
-0.295000	0.702713
-0.294000	0.704472
-0.293000	0.706227
-0.292000	0.707980
-0.291000	0.709730
-0.290000	0.711478
-0.289000	0.713222
-0.288000	0.714964
-0.287000	0.716702
-0.286000	0.718438
-0.285000	0.720171
-0.284000	0.721901
-0.283000	0.723627
-0.282000	0.725351
-0.281000	0.727072
-0.280000	0.728789
-0.279000	0.730504
-0.278000	0.732215
-0.277000	0.733923
-0.276000	0.735628
-0.275000	0.737330
-0.274000	0.739028
-0.273000	0.740723
-0.272000	0.742415
-0.271000	0.744103
-0.270000	0.745788
-0.269000	0.747470
-0.268000	0.749148
-0.267000	0.750823
-0.266000	0.752494
-0.265000	0.754161
-0.264000	0.755825
-0.263000	0.757486
-0.262000	0.759143
-0.261000	0.760796
-0.260000	0.762445
-0.259000	0.764091
-0.258000	0.765733
-0.257000	0.767372
-0.256000	0.769006
-0.255000	0.770637
-0.254000	0.772264
-0.253000	0.773887
-0.252000	0.775507
-0.251000	0.777122
-0.250000	0.778733
-0.249000	0.780341
-0.248000	0.781944
-0.247000	0.783543
-0.246000	0.785139
-0.245000	0.786730
-0.244000	0.788317
-0.243000	0.789900
-0.242000	0.791479
-0.241000	0.793054
-0.240000	0.794624
-0.239000	0.796190
-0.238000	0.797752
-0.237000	0.799310
-0.236000	0.800863
-0.235000	0.802412
-0.234000	0.803957
-0.233000	0.805497
-0.232000	0.807033
-0.231000	0.808564
-0.230000	0.810091
-0.229000	0.811613
-0.228000	0.813131
-0.227000	0.814645
-0.226000	0.816153
-0.225000	0.817658
-0.224000	0.819157
-0.223000	0.820652
-0.222000	0.822142
-0.221000	0.823628
-0.220000	0.825108
-0.219000	0.826584
-0.218000	0.828055
-0.217000	0.829522
-0.216000	0.830983
-0.215000	0.832440
-0.214000	0.833892
-0.213000	0.835339
-0.212000	0.836781
-0.211000	0.838218
-0.210000	0.839650
-0.209000	0.841077
-0.208000	0.842499
-0.207000	0.843916
-0.206000	0.845328
-0.205000	0.846735
-0.204000	0.848137
-0.203000	0.849533
-0.202000	0.850924
-0.201000	0.852311
-0.200000	0.853692
-0.199000	0.855067
-0.198000	0.856438
-0.197000	0.857803
-0.196000	0.859163
-0.195000	0.860517
-0.194000	0.861867
-0.193000	0.863210
-0.192000	0.864549
-0.191000	0.865882
-0.190000	0.867209
-0.189000	0.868531
-0.188000	0.869848
-0.187000	0.871159
-0.186000	0.872464
-0.185000	0.873764
-0.184000	0.875059
-0.183000	0.876348
-0.182000	0.877631
-0.181000	0.878908
-0.180000	0.880180
-0.179000	0.881446
-0.178000	0.882706
-0.177000	0.883961
-0.176000	0.885210
-0.175000	0.886453
-0.174000	0.887690
-0.173000	0.888922
-0.172000	0.890148
-0.171000	0.891367
-0.170000	0.892581
-0.169000	0.893789
-0.168000	0.894991
-0.167000	0.896188
-0.166000	0.897378
-0.165000	0.898562
-0.164000	0.899740
-0.163000	0.900912
-0.162000	0.902078
-0.161000	0.903239
-0.160000	0.904392
-0.159000	0.905540
-0.158000	0.906682
-0.157000	0.907818
-0.156000	0.908947
-0.155000	0.910070
-0.154000	0.911187
-0.153000	0.912298
-0.152000	0.913403
-0.151000	0.914501
-0.150000	0.915593
-0.149000	0.916679
-0.148000	0.917758
-0.147000	0.918831
-0.146000	0.919898
-0.145000	0.920958
-0.144000	0.922012
-0.143000	0.923060
-0.142000	0.924101
-0.141000	0.925136
-0.140000	0.926164
-0.139000	0.927186
-0.138000	0.928201
-0.137000	0.929209
-0.136000	0.930212
-0.135000	0.931207
-0.134000	0.932196
-0.133000	0.933179
-0.132000	0.934155
-0.131000	0.935124
-0.130000	0.936087
-0.129000	0.937043
-0.128000	0.937992
-0.127000	0.938935
-0.126000	0.939871
-0.125000	0.940800
-0.124000	0.941722
-0.123000	0.942638
-0.122000	0.943547
-0.121000	0.944449
-0.120000	0.945345
-0.119000	0.946233
-0.118000	0.947115
-0.117000	0.947990
-0.116000	0.948858
-0.115000	0.949719
-0.114000	0.950574
-0.113000	0.951421
-0.112000	0.952262
-0.111000	0.953095
-0.110000	0.953922
-0.109000	0.954742
-0.108000	0.955554
-0.107000	0.956360
-0.106000	0.957159
-0.105000	0.957951
-0.104000	0.958735
-0.103000	0.959513
-0.102000	0.960284
-0.101000	0.961047
-0.100000	0.961804
-0.099000	0.962553
-0.098000	0.963295
-0.097000	0.964030
-0.096000	0.964758
-0.095000	0.965479
-0.094000	0.966193
-0.093000	0.966900
-0.092000	0.967599
-0.091000	0.968291
-0.090000	0.968976
-0.089000	0.969654
-0.088000	0.970324
-0.087000	0.970988
-0.086000	0.971644
-0.085000	0.972293
-0.084000	0.972934
-0.083000	0.973568
-0.082000	0.974195
-0.081000	0.974815
-0.080000	0.975427
-0.079000	0.976032
-0.078000	0.976630
-0.077000	0.977220
-0.076000	0.977803
-0.075000	0.978379
-0.074000	0.978947
-0.073000	0.979508
-0.072000	0.980061
-0.071000	0.980607
-0.070000	0.981146
-0.069000	0.981677
-0.068000	0.982201
-0.067000	0.982717
-0.066000	0.983226
-0.065000	0.983727
-0.064000	0.984221
-0.063000	0.984708
-0.062000	0.985187
-0.061000	0.985658
-0.060000	0.986122
-0.059000	0.986578
-0.058000	0.987027
-0.057000	0.987469
-0.056000	0.987903
-0.055000	0.988329
-0.054000	0.988748
-0.053000	0.989159
-0.052000	0.989563
-0.051000	0.989959
-0.050000	0.990347
-0.049000	0.990728
-0.048000	0.991102
-0.047000	0.991467
-0.046000	0.991825
-0.045000	0.992176
-0.044000	0.992519
-0.043000	0.992854
-0.042000	0.993182
-0.041000	0.993502
-0.040000	0.993814
-0.039000	0.994119
-0.038000	0.994416
-0.037000	0.994706
-0.036000	0.994987
-0.035000	0.995261
-0.034000	0.995528
-0.033000	0.995787
-0.032000	0.996038
-0.031000	0.996281
-0.030000	0.996517
-0.029000	0.996745
-0.028000	0.996965
-0.027000	0.997178
-0.026000	0.997383
-0.025000	0.997580
-0.024000	0.997770
-0.023000	0.997952
-0.022000	0.998126
-0.021000	0.998292
-0.020000	0.998451
-0.019000	0.998602
-0.018000	0.998745
-0.017000	0.998881
-0.016000	0.999008
-0.015000	0.999128
-0.014000	0.999241
-0.013000	0.999345
-0.012000	0.999442
-0.011000	0.999531
-0.010000	0.999613
-0.009000	0.999686
-0.008000	0.999752
-0.007000	0.999810
-0.006000	0.999861
-0.005000	0.999903
-0.004000	0.999938
-0.003000	0.999965
-0.002000	0.999985
-0.001000	0.999996
0.000000	1.000000
0.001000	0.999996
0.002000	0.999985
0.003000	0.999965
0.004000	0.999938
0.005000	0.999903
0.006000	0.999861
0.007000	0.999810
0.008000	0.999752
0.009000	0.999686
0.010000	0.999613
0.011000	0.999531
0.012000	0.999442
0.013000	0.999345
0.014000	0.999241
0.015000	0.999128
0.016000	0.999008
0.017000	0.998881
0.018000	0.998745
0.019000	0.998602
0.020000	0.998451
0.021000	0.998292
0.022000	0.998126
0.023000	0.997952
0.024000	0.997770
0.025000	0.997580
0.026000	0.997383
0.027000	0.997178
0.028000	0.996965
0.029000	0.996745
0.030000	0.996517
0.031000	0.996281
0.032000	0.996038
0.033000	0.995787
0.034000	0.995528
0.035000	0.995261
0.036000	0.994987
0.037000	0.994706
0.038000	0.994416
0.039000	0.994119
0.040000	0.993814
0.041000	0.993502
0.042000	0.993182
0.043000	0.992854
0.044000	0.992519
0.045000	0.992176
0.046000	0.991825
0.047000	0.991467
0.048000	0.991102
0.049000	0.990728
0.050000	0.990347
0.051000	0.989959
0.052000	0.989563
0.053000	0.989159
0.054000	0.988748
0.055000	0.988329
0.056000	0.987903
0.057000	0.987469
0.058000	0.987027
0.059000	0.986578
0.060000	0.986122
0.061000	0.985658
0.062000	0.985187
0.063000	0.984708
0.064000	0.984221
0.065000	0.983727
0.066000	0.983226
0.067000	0.982717
0.068000	0.982201
0.069000	0.981677
0.070000	0.981146
0.071000	0.980607
0.072000	0.980061
0.073000	0.979508
0.074000	0.978947
0.075000	0.978379
0.076000	0.977803
0.077000	0.977220
0.078000	0.976630
0.079000	0.976032
0.080000	0.975427
0.081000	0.974815
0.082000	0.974195
0.083000	0.973568
0.084000	0.972934
0.085000	0.972293
0.086000	0.971644
0.087000	0.970988
0.088000	0.970324
0.089000	0.969654
0.090000	0.968976
0.091000	0.968291
0.092000	0.967599
0.093000	0.966900
0.094000	0.966193
0.095000	0.965479
0.096000	0.964758
0.097000	0.964030
0.098000	0.963295
0.099000	0.962553
0.100000	0.961804
0.101000	0.961047
0.102000	0.960284
0.103000	0.959513
0.104000	0.958735
0.105000	0.957951
0.106000	0.957159
0.107000	0.956360
0.108000	0.955554
0.109000	0.954742
0.110000	0.953922
0.111000	0.953095
0.112000	0.952262
0.113000	0.951421
0.114000	0.950574
0.115000	0.949719
0.116000	0.948858
0.117000	0.947990
0.118000	0.947115
0.119000	0.946233
0.120000	0.945345
0.121000	0.944449
0.122000	0.943547
0.123000	0.942638
0.124000	0.941722
0.125000	0.940800
0.126000	0.939871
0.127000	0.938935
0.128000	0.937992
0.129000	0.937043
0.130000	0.936087
0.131000	0.935124
0.132000	0.934155
0.133000	0.933179
0.134000	0.932196
0.135000	0.931207
0.136000	0.930212
0.137000	0.929209
0.138000	0.928201
0.139000	0.927186
0.140000	0.926164
0.141000	0.925136
0.142000	0.924101
0.143000	0.923060
0.144000	0.922012
0.145000	0.920958
0.146000	0.919898
0.147000	0.918831
0.148000	0.917758
0.149000	0.916679
0.150000	0.915593
0.151000	0.914501
0.152000	0.913403
0.153000	0.912298
0.154000	0.911187
0.155000	0.910070
0.156000	0.908947
0.157000	0.907818
0.158000	0.906682
0.159000	0.905540
0.160000	0.904392
0.161000	0.903239
0.162000	0.902078
0.163000	0.900912
0.164000	0.899740
0.165000	0.898562
0.166000	0.897378
0.167000	0.896188
0.168000	0.894991
0.169000	0.893789
0.170000	0.892581
0.171000	0.891367
0.172000	0.890148
0.173000	0.888922
0.174000	0.887690
0.175000	0.886453
0.176000	0.885210
0.177000	0.883961
0.178000	0.882706
0.179000	0.881446
0.180000	0.880180
0.181000	0.878908
0.182000	0.877631
0.183000	0.876348
0.184000	0.875059
0.185000	0.873764
0.186000	0.872464
0.187000	0.871159
0.188000	0.869848
0.189000	0.868531
0.190000	0.867209
0.191000	0.865882
0.192000	0.864549
0.193000	0.863210
0.194000	0.861867
0.195000	0.860517
0.196000	0.859163
0.197000	0.857803
0.198000	0.856438
0.199000	0.855067
0.200000	0.853692
0.201000	0.852311
0.202000	0.850924
0.203000	0.849533
0.204000	0.848137
0.205000	0.846735
0.206000	0.845328
0.207000	0.843916
0.208000	0.842499
0.209000	0.841077
0.210000	0.839650
0.211000	0.838218
0.212000	0.836781
0.213000	0.835339
0.214000	0.833892
0.215000	0.832440
0.216000	0.830983
0.217000	0.829522
0.218000	0.828055
0.219000	0.826584
0.220000	0.825108
0.221000	0.823628
0.222000	0.822142
0.223000	0.820652
0.224000	0.819157
0.225000	0.817658
0.226000	0.816153
0.227000	0.814645
0.228000	0.813131
0.229000	0.811613
0.230000	0.810091
0.231000	0.808564
0.232000	0.807033
0.233000	0.805497
0.234000	0.803957
0.235000	0.802412
0.236000	0.800863
0.237000	0.799310
0.238000	0.797752
0.239000	0.796190
0.240000	0.794624
0.241000	0.793054
0.242000	0.791479
0.243000	0.789900
0.244000	0.788317
0.245000	0.786730
0.246000	0.785139
0.247000	0.783543
0.248000	0.781944
0.249000	0.780341
0.250000	0.778733
0.251000	0.777122
0.252000	0.775507
0.253000	0.773887
0.254000	0.772264
0.255000	0.770637
0.256000	0.769006
0.257000	0.767372
0.258000	0.765733
0.259000	0.764091
0.260000	0.762445
0.261000	0.760796
0.262000	0.759143
0.263000	0.757486
0.264000	0.755825
0.265000	0.754161
0.266000	0.752494
0.267000	0.750823
0.268000	0.749148
0.269000	0.747470
0.270000	0.745788
0.271000	0.744103
0.272000	0.742415
0.273000	0.740723
0.274000	0.739028
0.275000	0.737330
0.276000	0.735628
0.277000	0.733923
0.278000	0.732215
0.279000	0.730504
0.280000	0.728789
0.281000	0.727072
0.282000	0.725351
0.283000	0.723627
0.284000	0.721901
0.285000	0.720171
0.286000	0.718438
0.287000	0.716702
0.288000	0.714964
0.289000	0.713222
0.290000	0.711478
0.291000	0.709730
0.292000	0.707980
0.293000	0.706227
0.294000	0.704472
0.295000	0.702713
0.296000	0.700952
0.297000	0.699189
0.298000	0.697422
0.299000	0.695653
0.300000	0.693882
0.301000	0.692108
0.302000	0.690331
0.303000	0.688552
0.304000	0.686770
0.305000	0.684986
0.306000	0.683200
0.307000	0.681411
0.308000	0.679620
0.309000	0.677827
0.310000	0.676031
0.311000	0.674233
0.312000	0.672433
0.313000	0.670630
0.314000	0.668826
0.315000	0.667019
0.316000	0.665210
0.317000	0.663399
0.318000	0.661587
0.319000	0.659772
0.320000	0.657955
0.321000	0.656136
0.322000	0.654315
0.323000	0.652492
0.324000	0.650668
0.325000	0.648842
0.326000	0.647013
0.327000	0.645183
0.328000	0.643352
0.329000	0.641518
0.330000	0.639683
0.331000	0.637846
0.332000	0.636008
0.333000	0.634168
0.334000	0.632327
0.335000	0.630484
0.336000	0.628639
0.337000	0.626793
0.338000	0.624946
0.339000	0.623097
0.340000	0.621246
0.341000	0.619395
0.342000	0.617542
0.343000	0.615688
0.344000	0.613832
0.345000	0.611975
0.346000	0.610117
0.347000	0.608258
0.348000	0.606398
0.349000	0.604537
0.350000	0.602674
0.351000	0.600811
0.352000	0.598946
0.353000	0.597081
0.354000	0.595214
0.355000	0.593347
0.356000	0.591479
0.357000	0.589609
0.358000	0.587739
0.359000	0.585869
0.360000	0.583997
0.361000	0.582125
0.362000	0.580252
0.363000	0.578378
0.364000	0.576504
0.365000	0.574629
0.366000	0.572753
0.367000	0.570877
0.368000	0.569000
0.369000	0.567123
0.370000	0.565245
0.371000	0.563367
0.372000	0.561488
0.373000	0.559609
0.374000	0.557730
0.375000	0.555851
0.376000	0.553971
0.377000	0.552090
0.378000	0.550210
0.379000	0.548329
0.380000	0.546449
0.381000	0.544568
0.382000	0.542686
0.383000	0.540805
0.384000	0.538924
0.385000	0.537043
0.386000	0.535162
0.387000	0.533280
0.388000	0.531399
0.389000	0.529518
0.390000	0.527637
0.391000	0.525756
0.392000	0.523876
0.393000	0.521995
0.394000	0.520115
0.395000	0.518235
0.396000	0.516356
0.397000	0.514477
0.398000	0.512598
0.399000	0.510719
0.400000	0.508841
0.401000	0.506964
0.402000	0.505086
0.403000	0.503210
0.404000	0.501334
0.405000	0.499458
0.406000	0.497583
0.407000	0.495709
0.408000	0.493835
0.409000	0.491962
0.410000	0.490090
0.411000	0.488218
0.412000	0.486347
0.413000	0.484477
0.414000	0.482608
0.415000	0.480740
0.416000	0.478872
0.417000	0.477006
0.418000	0.475140
0.419000	0.473276
0.420000	0.471412
0.421000	0.469550
0.422000	0.467688
0.423000	0.465828
0.424000	0.463968
0.425000	0.462110
0.426000	0.460253
0.427000	0.458397
0.428000	0.456543
0.429000	0.454689
0.430000	0.452837
0.431000	0.450987
0.432000	0.449137
0.433000	0.447289
0.434000	0.445442
0.435000	0.443597
0.436000	0.441753
0.437000	0.439911
0.438000	0.438070
0.439000	0.436231
0.440000	0.434393
0.441000	0.432557
0.442000	0.430723
0.443000	0.428890
0.444000	0.427059
0.445000	0.425229
0.446000	0.423402
0.447000	0.421576
0.448000	0.419751
0.449000	0.417929
0.450000	0.416108
0.451000	0.414290
0.452000	0.412473
0.453000	0.410658
0.454000	0.408845
0.455000	0.407034
0.456000	0.405225
0.457000	0.403418
0.458000	0.401613
0.459000	0.399810
0.460000	0.398009
0.461000	0.396211
0.462000	0.394414
0.463000	0.392620
0.464000	0.390828
0.465000	0.389038
0.466000	0.387250
0.467000	0.385465
0.468000	0.383682
0.469000	0.381901
0.470000	0.380123
0.471000	0.378347
0.472000	0.376573
0.473000	0.374802
0.474000	0.373033
0.475000	0.371267
0.476000	0.369503
0.477000	0.367742
0.478000	0.365984
0.479000	0.364228
0.480000	0.362474
0.481000	0.360723
0.482000	0.358975
0.483000	0.357230
0.484000	0.355487
0.485000	0.353747
0.486000	0.352010
0.487000	0.350276
0.488000	0.348544
0.489000	0.346815
0.490000	0.345089
0.491000	0.343366
0.492000	0.341646
0.493000	0.339929
0.494000	0.338214
0.495000	0.336503
0.496000	0.334794
0.497000	0.333089
0.498000	0.331387
0.499000	0.329688
0.500000	0.327991
0.501000	0.326298
0.502000	0.324608
0.503000	0.322922
0.504000	0.321238
0.505000	0.319558
0.506000	0.317880
0.507000	0.316206
0.508000	0.314536
0.509000	0.312868
0.510000	0.311204
0.511000	0.309543
0.512000	0.307886
0.513000	0.306232
0.514000	0.304581
0.515000	0.302934
0.516000	0.301290
0.517000	0.299650
0.518000	0.298013
0.519000	0.296380
0.520000	0.294750
0.521000	0.293124
0.522000	0.291501
0.523000	0.289882
0.524000	0.288266
0.525000	0.286654
0.526000	0.285046
0.527000	0.283441
0.528000	0.281840
0.529000	0.280243
0.530000	0.278650
0.531000	0.277060
0.532000	0.275474
0.533000	0.273892
0.534000	0.272313
0.535000	0.270739
0.536000	0.269168
0.537000	0.267601
0.538000	0.266038
0.539000	0.264479
0.540000	0.262923
0.541000	0.261372
0.542000	0.259825
0.543000	0.258281
0.544000	0.256742
0.545000	0.255207
0.546000	0.253675
0.547000	0.252148
0.548000	0.250625
0.549000	0.249106
0.550000	0.247590
0.551000	0.246079
0.552000	0.244573
0.553000	0.243070
0.554000	0.241571
0.555000	0.240077
0.556000	0.238587
0.557000	0.237101
0.558000	0.235619
0.559000	0.234141
0.560000	0.232668
0.561000	0.231199
0.562000	0.229734
0.563000	0.228274
0.564000	0.226818
0.565000	0.225366
0.566000	0.223919
0.567000	0.222476
0.568000	0.221037
0.569000	0.219603
0.570000	0.218173
0.571000	0.216748
0.572000	0.215327
0.573000	0.213910
0.574000	0.212498
0.575000	0.211091
0.576000	0.209688
0.577000	0.208289
0.578000	0.206895
0.579000	0.205506
0.580000	0.204121
0.581000	0.202740
0.582000	0.201365
0.583000	0.199993
0.584000	0.198627
0.585000	0.197265
0.586000	0.195908
0.587000	0.194555
0.588000	0.193207
0.589000	0.191863
0.590000	0.190525
0.591000	0.189191
0.592000	0.187861
0.593000	0.186537
0.594000	0.185217
0.595000	0.183902
0.596000	0.182591
0.597000	0.181286
0.598000	0.179985
0.599000	0.178689
0.600000	0.177397
0.601000	0.176111
0.602000	0.174829
0.603000	0.173552
0.604000	0.172280
0.605000	0.171013
0.606000	0.169751
0.607000	0.168493
0.608000	0.167241
0.609000	0.165993
0.610000	0.164750
0.611000	0.163512
0.612000	0.162279
0.613000	0.161051
0.614000	0.159828
0.615000	0.158609
0.616000	0.157396
0.617000	0.156188
0.618000	0.154984
0.619000	0.153786
0.620000	0.152592
0.621000	0.151404
0.622000	0.150220
0.623000	0.149041
0.624000	0.147868
0.625000	0.146699
0.626000	0.145536
0.627000	0.144377
0.628000	0.143224
0.629000	0.142075
0.630000	0.140932
0.631000	0.139793
0.632000	0.138660
0.633000	0.137532
0.634000	0.136408
0.635000	0.135290
0.636000	0.134177
0.637000	0.133069
0.638000	0.131966
0.639000	0.130868
0.640000	0.129775
0.641000	0.128688
0.642000	0.127605
0.643000	0.126527
0.644000	0.125455
0.645000	0.124388
0.646000	0.123326
0.647000	0.122269
0.648000	0.121217
0.649000	0.120170
0.650000	0.119128
0.651000	0.118091
0.652000	0.117060
0.653000	0.116034
0.654000	0.115012
0.655000	0.113996
0.656000	0.112986
0.657000	0.111980
0.658000	0.110979
0.659000	0.109984
0.660000	0.108993
0.661000	0.108008
0.662000	0.107028
0.663000	0.106053
0.664000	0.105083
0.665000	0.104119
0.666000	0.103159
0.667000	0.102205
0.668000	0.101256
0.669000	0.100312
0.670000	0.099373
0.671000	0.098439
0.672000	0.097511
0.673000	0.096587
0.674000	0.095669
0.675000	0.094756
0.676000	0.093848
0.677000	0.092945
0.678000	0.092047
0.679000	0.091155
0.680000	0.090267
0.681000	0.089385
0.682000	0.088508
0.683000	0.087636
0.684000	0.086769
0.685000	0.085907
0.686000	0.085050
0.687000	0.084199
0.688000	0.083352
0.689000	0.082511
0.690000	0.081675
0.691000	0.080844
0.692000	0.080018
0.693000	0.079197
0.694000	0.078381
0.695000	0.077570
0.696000	0.076764
0.697000	0.075964
0.698000	0.075168
0.699000	0.074378
0.700000	0.073593
0.701000	0.072812
0.702000	0.072037
0.703000	0.071267
0.704000	0.070502
0.705000	0.069742
0.706000	0.068987
0.707000	0.068237
0.708000	0.067491
0.709000	0.066751
0.710000	0.066016
0.711000	0.065286
0.712000	0.064561
0.713000	0.063841
0.714000	0.063126
0.715000	0.062416
0.716000	0.061711
0.717000	0.061011
0.718000	0.060316
0.719000	0.059625
0.720000	0.058940
0.721000	0.058260
0.722000	0.057584
0.723000	0.056913
0.724000	0.056248
0.725000	0.055587
0.726000	0.054931
0.727000	0.054280
0.728000	0.053634
0.729000	0.052992
0.730000	0.052356
0.731000	0.051724
0.732000	0.051097
0.733000	0.050475
0.734000	0.049858
0.735000	0.049245
0.736000	0.048637
0.737000	0.048034
0.738000	0.047436
0.739000	0.046843
0.740000	0.046254
0.741000	0.045670
0.742000	0.045091
0.743000	0.044516
0.744000	0.043946
0.745000	0.043381
0.746000	0.042821
0.747000	0.042265
0.748000	0.041713
0.749000	0.041167
0.750000	0.040625
0.751000	0.040087
0.752000	0.039554
0.753000	0.039026
0.754000	0.038502
0.755000	0.037983
0.756000	0.037469
0.757000	0.036959
0.758000	0.036453
0.759000	0.035952
0.760000	0.035455
0.761000	0.034963
0.762000	0.034475
0.763000	0.033992
0.764000	0.033513
0.765000	0.033039
0.766000	0.032569
0.767000	0.032103
0.768000	0.031642
0.769000	0.031185
0.770000	0.030732
0.771000	0.030284
0.772000	0.029840
0.773000	0.029400
0.774000	0.028964
0.775000	0.028533
0.776000	0.028106
0.777000	0.027683
0.778000	0.027265
0.779000	0.026850
0.780000	0.026440
0.781000	0.026034
0.782000	0.025632
0.783000	0.025234
0.784000	0.024841
0.785000	0.024451
0.786000	0.024065
0.787000	0.023684
0.788000	0.023306
0.789000	0.022933
0.790000	0.022563
0.791000	0.022198
0.792000	0.021836
0.793000	0.021479
0.794000	0.021125
0.795000	0.020775
0.796000	0.020429
0.797000	0.020087
0.798000	0.019749
0.799000	0.019415
0.800000	0.019084
0.801000	0.018757
0.802000	0.018434
0.803000	0.018115
0.804000	0.017800
0.805000	0.017488
0.806000	0.017180
0.807000	0.016875
0.808000	0.016574
0.809000	0.016277
0.810000	0.015984
0.811000	0.015694
0.812000	0.015407
0.813000	0.015124
0.814000	0.014845
0.815000	0.014569
0.816000	0.014297
0.817000	0.014028
0.818000	0.013763
0.819000	0.013501
0.820000	0.013242
0.821000	0.012987
0.822000	0.012735
0.823000	0.012487
0.824000	0.012241
0.825000	0.012000
0.826000	0.011761
0.827000	0.011526
0.828000	0.011294
0.829000	0.011065
0.830000	0.010839
0.831000	0.010616
0.832000	0.010397
0.833000	0.010181
0.834000	0.009968
0.835000	0.009758
0.836000	0.009551
0.837000	0.009347
0.838000	0.009146
0.839000	0.008948
0.840000	0.008753
0.841000	0.008560
0.842000	0.008371
0.843000	0.008185
0.844000	0.008002
0.845000	0.007821
0.846000	0.007643
0.847000	0.007469
0.848000	0.007296
0.849000	0.007127
0.850000	0.006961
0.851000	0.006797
0.852000	0.006635
0.853000	0.006477
0.854000	0.006321
0.855000	0.006168
0.856000	0.006017
0.857000	0.005869
0.858000	0.005724
0.859000	0.005581
0.860000	0.005440
0.861000	0.005302
0.862000	0.005167
0.863000	0.005033
0.864000	0.004903
0.865000	0.004774
0.866000	0.004649
0.867000	0.004525
0.868000	0.004404
0.869000	0.004285
0.870000	0.004168
0.871000	0.004053
0.872000	0.003941
0.873000	0.003831
0.874000	0.003723
0.875000	0.003617
0.876000	0.003514
0.877000	0.003412
0.878000	0.003313
0.879000	0.003216
0.880000	0.003120
0.881000	0.003027
0.882000	0.002936
0.883000	0.002846
0.884000	0.002759
0.885000	0.002673
0.886000	0.002590
0.887000	0.002508
0.888000	0.002428
0.889000	0.002350
0.890000	0.002273
0.891000	0.002199
0.892000	0.002126
0.893000	0.002055
0.894000	0.001986
0.895000	0.001918
0.896000	0.001852
0.897000	0.001788
0.898000	0.001725
0.899000	0.001664
0.900000	0.001604
0.901000	0.001546
0.902000	0.001489
0.903000	0.001434
0.904000	0.001380
0.905000	0.001328
0.906000	0.001277
0.907000	0.001228
0.908000	0.001180
0.909000	0.001133
0.910000	0.001088
0.911000	0.001044
0.912000	0.001001
0.913000	0.000960
0.914000	0.000920
0.915000	0.000881
0.916000	0.000843
0.917000	0.000806
0.918000	0.000771
0.919000	0.000737
0.920000	0.000704
0.921000	0.000671
0.922000	0.000640
0.923000	0.000610
0.924000	0.000581
0.925000	0.000553
0.926000	0.000526
0.927000	0.000500
0.928000	0.000475
0.929000	0.000451
0.930000	0.000428
0.931000	0.000405
0.932000	0.000384
0.933000	0.000363
0.934000	0.000343
0.935000	0.000324
0.936000	0.000306
0.937000	0.000288
0.938000	0.000272
0.939000	0.000256
0.940000	0.000240
0.941000	0.000226
0.942000	0.000211
0.943000	0.000198
0.944000	0.000185
0.945000	0.000173
0.946000	0.000162
0.947000	0.000151
0.948000	0.000140
0.949000	0.000130
0.950000	0.000121
0.951000	0.000112
0.952000	0.000104
0.953000	0.000096
0.954000	0.000088
0.955000	0.000081
0.956000	0.000075
0.957000	0.000068
0.958000	0.000062
0.959000	0.000057
0.960000	0.000052
0.961000	0.000047
0.962000	0.000043
0.963000	0.000039
0.964000	0.000035
0.965000	0.000031
0.966000	0.000028
0.967000	0.000025
0.968000	0.000022
0.969000	0.000020
0.970000	0.000017
0.971000	0.000015
0.972000	0.000013
0.973000	0.000012
0.974000	0.000010
0.975000	0.000009
0.976000	0.000007
0.977000	0.000006
0.978000	0.000005
0.979000	0.000004
0.980000	0.000004
0.981000	0.000003
0.982000	0.000002
0.983000	0.000002
0.984000	0.000002
0.985000	0.000001
0.986000	0.000001
0.987000	0.000001
0.988000	0.000001
0.989000	0.000000
0.990000	0.000000
0.991000	0.000000
0.992000	0.000000
0.993000	0.000000
0.994000	0.000000
0.995000	0.000000
0.996000	0.000000
0.997000	0.000000
0.998000	0.000000
0.999000	0.000000
1.000000	0.000000
1.001000	0.000000
1.002000	0.000000
1.003000	0.000000
1.004000	0.000000
1.005000	0.000000
1.006000	0.000000
1.007000	0.000000
1.008000	0.000000
1.009000	0.000000
1.010000	0.000000
1.011000	0.000000
1.012000	0.000000
1.013000	0.000000
1.014000	0.000000
1.015000	0.000000
1.016000	0.000000
1.017000	0.000000
1.018000	0.000000
1.019000	0.000000
1.020000	0.000000
1.021000	0.000000
1.022000	0.000000
1.023000	0.000000
1.024000	0.000000
1.025000	0.000000
1.026000	0.000000
1.027000	0.000000
1.028000	0.000000
1.029000	0.000000
1.030000	0.000000
1.031000	0.000000
1.032000	0.000000
1.033000	0.000000
1.034000	0.000000
1.035000	0.000000
1.036000	0.000000
1.037000	0.000000
1.038000	0.000000
1.039000	0.000000
1.040000	0.000000
1.041000	0.000000
1.042000	0.000000
1.043000	0.000000
1.044000	0.000000
1.045000	0.000000
1.046000	0.000000
1.047000	0.000000
1.048000	0.000000
1.049000	0.000000
1.050000	0.000000
1.051000	0.000000
1.052000	0.000000
1.053000	0.000000
1.054000	0.000000
1.055000	0.000000
1.056000	0.000000
1.057000	0.000000
1.058000	0.000000
1.059000	0.000000
1.060000	0.000000
1.061000	0.000000
1.062000	0.000000
1.063000	0.000000
1.064000	0.000000
1.065000	0.000000
1.066000	0.000000
1.067000	0.000000
1.068000	0.000000
1.069000	0.000000
1.070000	0.000000
1.071000	0.000000
1.072000	0.000000
1.073000	0.000000
1.074000	0.000000
1.075000	0.000000
1.076000	0.000000
1.077000	0.000000
1.078000	0.000000
1.079000	0.000000
1.080000	0.000000
1.081000	0.000000
1.082000	0.000000
1.083000	0.000000
1.084000	0.000000
1.085000	0.000000
1.086000	0.000000
1.087000	0.000000
1.088000	0.000000
1.089000	0.000000
1.090000	0.000000
1.091000	0.000000
1.092000	0.000000
1.093000	0.000000
1.094000	0.000000
1.095000	0.000000
1.096000	0.000000
1.097000	0.000000
1.098000	0.000000
1.099000	0.000000
1.100000	0.000000
1.101000	0.000000
1.102000	0.000000
1.103000	0.000000
1.104000	0.000000
1.105000	0.000000
1.106000	0.000000
1.107000	0.000000
1.108000	0.000000
1.109000	0.000000
1.110000	0.000000
1.111000	0.000000
1.112000	0.000000
1.113000	0.000000
1.114000	0.000000
1.115000	0.000000
1.116000	0.000000
1.117000	0.000000
1.118000	0.000000
1.119000	0.000000
1.120000	0.000000
1.121000	0.000000
1.122000	0.000000
1.123000	0.000000
1.124000	0.000000
1.125000	0.000000
1.126000	0.000000
1.127000	0.000000
1.128000	0.000000
1.129000	0.000000
1.130000	0.000000
1.131000	0.000000
1.132000	0.000000
1.133000	0.000000
1.134000	0.000000
1.135000	0.000000
1.136000	0.000000
1.137000	0.000000
1.138000	0.000000
1.139000	0.000000
1.140000	0.000000
1.141000	0.000000
1.142000	0.000000
1.143000	0.000000
1.144000	0.000000
1.145000	0.000000
1.146000	0.000000
1.147000	0.000000
1.148000	0.000000
1.149000	0.000000
1.150000	0.000000
1.151000	0.000000
1.152000	0.000000
1.153000	0.000000
1.154000	0.000000
1.155000	0.000000
1.156000	0.000000
1.157000	0.000000
1.158000	0.000000
1.159000	0.000000
1.160000	0.000000
1.161000	0.000000
1.162000	0.000000
1.163000	0.000000
1.164000	0.000000
1.165000	0.000000
1.166000	0.000000
1.167000	0.000000
1.168000	0.000000
1.169000	0.000000
1.170000	0.000000
1.171000	0.000000
1.172000	0.000000
1.173000	0.000000
1.174000	0.000000
1.175000	0.000000
1.176000	0.000000
1.177000	0.000000
1.178000	0.000000
1.179000	0.000000
1.180000	0.000000
1.181000	0.000000
1.182000	0.000000
1.183000	0.000000
1.184000	0.000000
1.185000	0.000000
1.186000	0.000000
1.187000	0.000000
1.188000	0.000000
1.189000	0.000000
1.190000	0.000000
1.191000	0.000000
1.192000	0.000000
1.193000	0.000000
1.194000	0.000000
1.195000	0.000000
1.196000	0.000000
1.197000	0.000000
1.198000	0.000000
1.199000	0.000000
1.200000	0.000000
1.201000	0.000000
1.202000	0.000000
1.203000	0.000000
1.204000	0.000000
1.205000	0.000000
1.206000	0.000000
1.207000	0.000000
1.208000	0.000000
1.209000	0.000000
1.210000	0.000000
1.211000	0.000000
1.212000	0.000000
1.213000	0.000000
1.214000	0.000000
1.215000	0.000000
1.216000	0.000000
1.217000	0.000000
1.218000	0.000000
1.219000	0.000000
1.220000	0.000000
1.221000	0.000000
1.222000	0.000000
1.223000	0.000000
1.224000	0.000000
1.225000	0.000000
1.226000	0.000000
1.227000	0.000000
1.228000	0.000000
1.229000	0.000000
1.230000	0.000000
1.231000	0.000000
1.232000	0.000000
1.233000	0.000000
1.234000	0.000000
1.235000	0.000000
1.236000	0.000000
1.237000	0.000000
1.238000	0.000000
1.239000	0.000000
1.240000	0.000000
1.241000	0.000000
1.242000	0.000000
1.243000	0.000000
1.244000	0.000000
1.245000	0.000000
1.246000	0.000000
1.247000	0.000000
1.248000	0.000000
1.249000	0.000000
1.250000	0.000000
1.251000	0.000000
1.252000	0.000000
1.253000	0.000000
1.254000	0.000000
1.255000	0.000000
1.256000	0.000000
1.257000	0.000000
1.258000	0.000000
1.259000	0.000000
1.260000	0.000000
1.261000	0.000000
1.262000	0.000000
1.263000	0.000000
1.264000	0.000000
1.265000	0.000000
1.266000	0.000000
1.267000	0.000000
1.268000	0.000000
1.269000	0.000000
1.270000	0.000000
1.271000	0.000000
1.272000	0.000000
1.273000	0.000000
1.274000	0.000000
1.275000	0.000000
1.276000	0.000000
1.277000	0.000000
1.278000	0.000000
1.279000	0.000000
1.280000	0.000000
1.281000	0.000000
1.282000	0.000000
1.283000	0.000000
1.284000	0.000000
1.285000	0.000000
1.286000	0.000000
1.287000	0.000000
1.288000	0.000000
1.289000	0.000000
1.290000	0.000000
1.291000	0.000000
1.292000	0.000000
1.293000	0.000000
1.294000	0.000000
1.295000	0.000000
1.296000	0.000000
1.297000	0.000000
1.298000	0.000000
1.299000	0.000000
1.300000	0.000000
1.301000	0.000000
1.302000	0.000000
1.303000	0.000000
1.304000	0.000000
1.305000	0.000000
1.306000	0.000000
1.307000	0.000000
1.308000	0.000000
1.309000	0.000000
1.310000	0.000000
1.311000	0.000000
1.312000	0.000000
1.313000	0.000000
1.314000	0.000000
1.315000	0.000000
1.316000	0.000000
1.317000	0.000000
1.318000	0.000000
1.319000	0.000000
1.320000	0.000000
1.321000	0.000000
1.322000	0.000000
1.323000	0.000000
1.324000	0.000000
1.325000	0.000000
1.326000	0.000000
1.327000	0.000000
1.328000	0.000000
1.329000	0.000000
1.330000	0.000000
1.331000	0.000000
1.332000	0.000000
1.333000	0.000000
1.334000	0.000000
1.335000	0.000000
1.336000	0.000000
1.337000	0.000000
1.338000	0.000000
1.339000	0.000000
1.340000	0.000000
1.341000	0.000000
1.342000	0.000000
1.343000	0.000000
1.344000	0.000000
1.345000	0.000000
1.346000	0.000000
1.347000	0.000000
1.348000	0.000000
1.349000	0.000000
1.350000	0.000000
1.351000	0.000000
1.352000	0.000000
1.353000	0.000000
1.354000	0.000000
1.355000	0.000000
1.356000	0.000000
1.357000	0.000000
1.358000	0.000000
1.359000	0.000000
1.360000	0.000000
1.361000	0.000000
1.362000	0.000000
1.363000	0.000000
1.364000	0.000000
1.365000	0.000000
1.366000	0.000000
1.367000	0.000000
1.368000	0.000000
1.369000	0.000000
1.370000	0.000000
1.371000	0.000000
1.372000	0.000000
1.373000	0.000000
1.374000	0.000000
1.375000	0.000000
1.376000	0.000000
1.377000	0.000000
1.378000	0.000000
1.379000	0.000000
1.380000	0.000000
1.381000	0.000000
1.382000	0.000000
1.383000	0.000000
1.384000	0.000000
1.385000	0.000000
1.386000	0.000000
1.387000	0.000000
1.388000	0.000000
1.389000	0.000000
1.390000	0.000000
1.391000	0.000000
1.392000	0.000000
1.393000	0.000000
1.394000	0.000000
1.395000	0.000000
1.396000	0.000000
1.397000	0.000000
1.398000	0.000000
1.399000	0.000000
1.400000	0.000000
1.401000	0.000000
1.402000	0.000000
1.403000	0.000000
1.404000	0.000000
1.405000	0.000000
1.406000	0.000000
1.407000	0.000000
1.408000	0.000000
1.409000	0.000000
1.410000	0.000000
1.411000	0.000000
1.412000	0.000000
1.413000	0.000000
1.414000	0.000000
1.415000	0.000000
1.416000	0.000000
1.417000	0.000000
1.418000	0.000000
1.419000	0.000000
1.420000	0.000000
1.421000	0.000000
1.422000	0.000000
1.423000	0.000000
1.424000	0.000000
1.425000	0.000000
1.426000	0.000000
1.427000	0.000000
1.428000	0.000000
1.429000	0.000000
1.430000	0.000000
1.431000	0.000000
1.432000	0.000000
1.433000	0.000000
1.434000	0.000000
1.435000	0.000000
1.436000	0.000000
1.437000	0.000000
1.438000	0.000000
1.439000	0.000000
1.440000	0.000000
1.441000	0.000000
1.442000	0.000000
1.443000	0.000000
1.444000	0.000000
1.445000	0.000000
1.446000	0.000000
1.447000	0.000000
1.448000	0.000000
1.449000	0.000000
1.450000	0.000000
1.451000	0.000000
1.452000	0.000000
1.453000	0.000000
1.454000	0.000000
1.455000	0.000000
1.456000	0.000000
1.457000	0.000000
1.458000	0.000000
1.459000	0.000000
1.460000	0.000000
1.461000	0.000000
1.462000	0.000000
1.463000	0.000000
1.464000	0.000000
1.465000	0.000000
1.466000	0.000000
1.467000	0.000000
1.468000	0.000000
1.469000	0.000000
1.470000	0.000000
1.471000	0.000000
1.472000	0.000000
1.473000	0.000000
1.474000	0.000000
1.475000	0.000000
1.476000	0.000000
1.477000	0.000000
1.478000	0.000000
1.479000	0.000000
1.480000	0.000000
1.481000	0.000000
1.482000	0.000000
1.483000	0.000000
1.484000	0.000000
1.485000	0.000000
1.486000	0.000000
1.487000	0.000000
1.488000	0.000000
1.489000	0.000000
1.490000	0.000000
1.491000	0.000000
1.492000	0.000000
1.493000	0.000000
1.494000	0.000000
1.495000	0.000000
1.496000	0.000000
1.497000	0.000000
1.498000	0.000000
1.499000	0.000000
1.500000	0.000000
1.501000	0.000000
1.502000	0.000000
1.503000	0.000000
1.504000	0.000000
1.505000	0.000000
1.506000	0.000000
1.507000	0.000000
1.508000	0.000000
1.509000	0.000000
1.510000	0.000000
1.511000	0.000000
1.512000	0.000000
1.513000	0.000000
1.514000	0.000000
1.515000	0.000000
1.516000	0.000000
1.517000	0.000000
1.518000	0.000000
1.519000	0.000000
1.520000	0.000000
1.521000	0.000000
1.522000	0.000000
1.523000	0.000000
1.524000	0.000000
1.525000	0.000000
1.526000	0.000000
1.527000	0.000000
1.528000	0.000000
1.529000	0.000000
1.530000	0.000000
1.531000	0.000000
1.532000	0.000000
1.533000	0.000000
1.534000	0.000000
1.535000	0.000000
1.536000	0.000000
1.537000	0.000000
1.538000	0.000000
1.539000	0.000000
1.540000	0.000000
1.541000	0.000000
1.542000	0.000000
1.543000	0.000000
1.544000	0.000000
1.545000	0.000000
1.546000	0.000000
1.547000	0.000000
1.548000	0.000000
1.549000	0.000000
1.550000	0.000000
1.551000	0.000000
1.552000	0.000000
1.553000	0.000000
1.554000	0.000000
1.555000	0.000000
1.556000	0.000000
1.557000	0.000000
1.558000	0.000000
1.559000	0.000000
1.560000	0.000000
1.561000	0.000000
1.562000	0.000000
1.563000	0.000000
1.564000	0.000000
1.565000	0.000000
1.566000	0.000000
1.567000	0.000000
1.568000	0.000000
1.569000	0.000000
1.570000	0.000000
1.571000	0.000000
1.572000	0.000000
1.573000	0.000000
1.574000	0.000000
1.575000	0.000000
1.576000	0.000000
1.577000	0.000000
1.578000	0.000000
1.579000	0.000000
1.580000	0.000000
1.581000	0.000000
1.582000	0.000000
1.583000	0.000000
1.584000	0.000000
1.585000	0.000000
1.586000	0.000000
1.587000	0.000000
1.588000	0.000000
1.589000	0.000000
1.590000	0.000000
1.591000	0.000000
1.592000	0.000000
1.593000	0.000000
1.594000	0.000000
1.595000	0.000000
1.596000	0.000000
1.597000	0.000000
1.598000	0.000000
1.599000	0.000000
1.600000	0.000000
1.601000	0.000000
1.602000	0.000000
1.603000	0.000000
1.604000	0.000000
1.605000	0.000000
1.606000	0.000000
1.607000	0.000000
1.608000	0.000000
1.609000	0.000000
1.610000	0.000000
1.611000	0.000000
1.612000	0.000000
1.613000	0.000000
1.614000	0.000000
1.615000	0.000000
1.616000	0.000000
1.617000	0.000000
1.618000	0.000000
1.619000	0.000000
1.620000	0.000000
1.621000	0.000000
1.622000	0.000000
1.623000	0.000000
1.624000	0.000000
1.625000	0.000000
1.626000	0.000000
1.627000	0.000000
1.628000	0.000000
1.629000	0.000000
1.630000	0.000000
1.631000	0.000000
1.632000	0.000000
1.633000	0.000000
1.634000	0.000000
1.635000	0.000000
1.636000	0.000000
1.637000	0.000000
1.638000	0.000000
1.639000	0.000000
1.640000	0.000000
1.641000	0.000000
1.642000	0.000000
1.643000	0.000000
1.644000	0.000000
1.645000	0.000000
1.646000	0.000000
1.647000	0.000000
1.648000	0.000000
1.649000	0.000000
1.650000	0.000000
1.651000	0.000000
1.652000	0.000000
1.653000	0.000000
1.654000	0.000000
1.655000	0.000000
1.656000	0.000000
1.657000	0.000000
1.658000	0.000000
1.659000	0.000000
1.660000	0.000000
1.661000	0.000000
1.662000	0.000000
1.663000	0.000000
1.664000	0.000000
1.665000	0.000000
1.666000	0.000000
1.667000	0.000000
1.668000	0.000000
1.669000	0.000000
1.670000	0.000000
1.671000	0.000000
1.672000	0.000000
1.673000	0.000000
1.674000	0.000000
1.675000	0.000000
1.676000	0.000000
1.677000	0.000000
1.678000	0.000000
1.679000	0.000000
1.680000	0.000000
1.681000	0.000000
1.682000	0.000000
1.683000	0.000000
1.684000	0.000000
1.685000	0.000000
1.686000	0.000000
1.687000	0.000000
1.688000	0.000000
1.689000	0.000000
1.690000	0.000000
1.691000	0.000000
1.692000	0.000000
1.693000	0.000000
1.694000	0.000000
1.695000	0.000000
1.696000	0.000000
1.697000	0.000000
1.698000	0.000000
1.699000	0.000000
1.700000	0.000000
1.701000	0.000000
1.702000	0.000000
1.703000	0.000000
1.704000	0.000000
1.705000	0.000000
1.706000	0.000000
1.707000	0.000000
1.708000	0.000000
1.709000	0.000000
1.710000	0.000000
1.711000	0.000000
1.712000	0.000000
1.713000	0.000000
1.714000	0.000000
1.715000	0.000000
1.716000	0.000000
1.717000	0.000000
1.718000	0.000000
1.719000	0.000000
1.720000	0.000000
1.721000	0.000000
1.722000	0.000000
1.723000	0.000000
1.724000	0.000000
1.725000	0.000000
1.726000	0.000000
1.727000	0.000000
1.728000	0.000000
1.729000	0.000000
1.730000	0.000000
1.731000	0.000000
1.732000	0.000000
1.733000	0.000000
1.734000	0.000000
1.735000	0.000000
1.736000	0.000000
1.737000	0.000000
1.738000	0.000000
1.739000	0.000000
1.740000	0.000000
1.741000	0.000000
1.742000	0.000000
1.743000	0.000000
1.744000	0.000000
1.745000	0.000000
1.746000	0.000000
1.747000	0.000000
1.748000	0.000000
1.749000	0.000000
1.750000	0.000000
1.751000	0.000000
1.752000	0.000000
1.753000	0.000000
1.754000	0.000000
1.755000	0.000000
1.756000	0.000000
1.757000	0.000000
1.758000	0.000000
1.759000	0.000000
1.760000	0.000000
1.761000	0.000000
1.762000	0.000000
1.763000	0.000000
1.764000	0.000000
1.765000	0.000000
1.766000	0.000000
1.767000	0.000000
1.768000	0.000000
1.769000	0.000000
1.770000	0.000000
1.771000	0.000000
1.772000	0.000000
1.773000	0.000000
1.774000	0.000000
1.775000	0.000000
1.776000	0.000000
1.777000	0.000000
1.778000	0.000000
1.779000	0.000000
1.780000	0.000000
1.781000	0.000000
1.782000	0.000000
1.783000	0.000000
1.784000	0.000000
1.785000	0.000000
1.786000	0.000000
1.787000	0.000000
1.788000	0.000000
1.789000	0.000000
1.790000	0.000000
1.791000	0.000000
1.792000	0.000000
1.793000	0.000000
1.794000	0.000000
1.795000	0.000000
1.796000	0.000000
1.797000	0.000000
1.798000	0.000000
1.799000	0.000000
1.800000	0.000000
1.801000	0.000000
1.802000	0.000000
1.803000	0.000000
1.804000	0.000000
1.805000	0.000000
1.806000	0.000000
1.807000	0.000000
1.808000	0.000000
1.809000	0.000000
1.810000	0.000000
1.811000	0.000000
1.812000	0.000000
1.813000	0.000000
1.814000	0.000000
1.815000	0.000000
1.816000	0.000000
1.817000	0.000000
1.818000	0.000000
1.819000	0.000000
1.820000	0.000000
1.821000	0.000000
1.822000	0.000000
1.823000	0.000000
1.824000	0.000000
1.825000	0.000000
1.826000	0.000000
1.827000	0.000000
1.828000	0.000000
1.829000	0.000000
1.830000	0.000000
1.831000	0.000000
1.832000	0.000000
1.833000	0.000000
1.834000	0.000000
1.835000	0.000000
1.836000	0.000000
1.837000	0.000000
1.838000	0.000000
1.839000	0.000000
1.840000	0.000000
1.841000	0.000000
1.842000	0.000000
1.843000	0.000000
1.844000	0.000000
1.845000	0.000000
1.846000	0.000000
1.847000	0.000000
1.848000	0.000000
1.849000	0.000000
1.850000	0.000000
1.851000	0.000000
1.852000	0.000000
1.853000	0.000000
1.854000	0.000000
1.855000	0.000000
1.856000	0.000000
1.857000	0.000000
1.858000	0.000000
1.859000	0.000000
1.860000	0.000000
1.861000	0.000000
1.862000	0.000000
1.863000	0.000000
1.864000	0.000000
1.865000	0.000000
1.866000	0.000000
1.867000	0.000000
1.868000	0.000000
1.869000	0.000000
1.870000	0.000000
1.871000	0.000000
1.872000	0.000000
1.873000	0.000000
1.874000	0.000000
1.875000	0.000000
1.876000	0.000000
1.877000	0.000000
1.878000	0.000000
1.879000	0.000000
1.880000	0.000000
1.881000	0.000000
1.882000	0.000000
1.883000	0.000000
1.884000	0.000000
1.885000	0.000000
1.886000	0.000000
1.887000	0.000000
1.888000	0.000000
1.889000	0.000000
1.890000	0.000000
1.891000	0.000000
1.892000	0.000000
1.893000	0.000000
1.894000	0.000000
1.895000	0.000000
1.896000	0.000000
1.897000	0.000000
1.898000	0.000000
1.899000	0.000000
1.900000	0.000000
1.901000	0.000000
1.902000	0.000000
1.903000	0.000000
1.904000	0.000000
1.905000	0.000000
1.906000	0.000000
1.907000	0.000000
1.908000	0.000000
1.909000	0.000000
1.910000	0.000000
1.911000	0.000000
1.912000	0.000000
1.913000	0.000000
1.914000	0.000000
1.915000	0.000000
1.916000	0.000000
1.917000	0.000000
1.918000	0.000000
1.919000	0.000000
1.920000	0.000000
1.921000	0.000000
1.922000	0.000000
1.923000	0.000000
1.924000	0.000000
1.925000	0.000000
1.926000	0.000000
1.927000	0.000000
1.928000	0.000000
1.929000	0.000000
1.930000	0.000000
1.931000	0.000000
1.932000	0.000000
1.933000	0.000000
1.934000	0.000000
1.935000	0.000000
1.936000	0.000000
1.937000	0.000000
1.938000	0.000000
1.939000	0.000000
1.940000	0.000000
1.941000	0.000000
1.942000	0.000000
1.943000	0.000000
1.944000	0.000000
1.945000	0.000000
1.946000	0.000000
1.947000	0.000000
1.948000	0.000000
1.949000	0.000000
1.950000	0.000000
1.951000	0.000000
1.952000	0.000000
1.953000	0.000000
1.954000	0.000000
1.955000	0.000000
1.956000	0.000000
1.957000	0.000000
1.958000	0.000000
1.959000	0.000000
1.960000	0.000000
1.961000	0.000000
1.962000	0.000000
1.963000	0.000000
1.964000	0.000000
1.965000	0.000000
1.966000	0.000000
1.967000	0.000000
1.968000	0.000000
1.969000	0.000000
1.970000	0.000000
1.971000	0.000000
1.972000	0.000000
1.973000	0.000000
1.974000	0.000000
1.975000	0.000000
1.976000	0.000000
1.977000	0.000000
1.978000	0.000000
1.979000	0.000000
1.980000	0.000000
1.981000	0.000000
1.982000	0.000000
1.983000	0.000000
1.984000	0.000000
1.985000	0.000000
1.986000	0.000000
1.987000	0.000000
1.988000	0.000000
1.989000	0.000000
1.990000	0.000000
1.991000	0.000000
1.992000	0.000000
1.993000	0.000000
1.994000	0.000000
1.995000	0.000000
1.996000	0.000000
1.997000	0.000000
1.998000	0.000000
1.999000	0.000000
2.000000	0.000000
