-1.000000	0.000137	0.000000
1.000000	0.000137	0.000000
-0.900000	0.001733	0.001604
0.900000	0.001733	0.001604
-0.800000	0.019270	0.019084
0.800000	0.019270	0.019084
-0.700000	0.073487	0.073593
0.700000	0.073487	0.073593
-0.600000	0.177217	0.177397
0.600000	0.177217	0.177397
-0.500000	0.325262	0.327991
0.500000	0.325262	0.327991
-0.400000	0.506062	0.508841
0.400000	0.506062	0.508841
-0.300000	0.692874	0.693882
0.300000	0.692874	0.693882
-0.200000	0.852861	0.853692
0.200000	0.852861	0.853692
-0.100000	0.956084	0.961804
0.100000	0.956084	0.961804
0.000000	0.991088	1.000000
-0.000000	0.991088	1.000000
