-2.000000	0.000000
-1.999000	0.000000
-1.998000	0.000000
-1.997000	0.000000
-1.996000	0.000000
-1.995000	0.000000
-1.994000	0.000000
-1.993000	0.000000
-1.992000	0.000000
-1.991000	0.000000
-1.990000	0.000000
-1.989000	0.000000
-1.988000	0.000000
-1.987000	0.000000
-1.986000	0.000000
-1.985000	0.000000
-1.984000	0.000000
-1.983000	0.000000
-1.982000	0.000000
-1.981000	0.000000
-1.980000	0.000000
-1.979000	0.000000
-1.978000	0.000000
-1.977000	0.000000
-1.976000	0.000000
-1.975000	0.000000
-1.974000	0.000000
-1.973000	0.000000
-1.972000	0.000000
-1.971000	0.000000
-1.970000	0.000000
-1.969000	0.000000
-1.968000	0.000000
-1.967000	0.000000
-1.966000	0.000000
-1.965000	0.000000
-1.964000	0.000000
-1.963000	0.000000
-1.962000	0.000000
-1.961000	0.000000
-1.960000	0.000000
-1.959000	0.000000
-1.958000	0.000000
-1.957000	0.000000
-1.956000	0.000000
-1.955000	0.000000
-1.954000	0.000000
-1.953000	0.000000
-1.952000	0.000000
-1.951000	0.000000
-1.950000	0.000000
-1.949000	0.000000
-1.948000	0.000000
-1.947000	0.000000
-1.946000	0.000000
-1.945000	0.000000
-1.944000	0.000000
-1.943000	0.000000
-1.942000	0.000000
-1.941000	0.000000
-1.940000	0.000000
-1.939000	0.000000
-1.938000	0.000000
-1.937000	0.000000
-1.936000	0.000000
-1.935000	0.000000
-1.934000	0.000000
-1.933000	0.000000
-1.932000	0.000000
-1.931000	0.000000
-1.930000	0.000000
-1.929000	0.000000
-1.928000	0.000000
-1.927000	0.000000
-1.926000	0.000000
-1.925000	0.000000
-1.924000	0.000000
-1.923000	0.000000
-1.922000	0.000000
-1.921000	0.000000
-1.920000	0.000000
-1.919000	0.000000
-1.918000	0.000000
-1.917000	0.000000
-1.916000	0.000000
-1.915000	0.000000
-1.914000	0.000000
-1.913000	0.000000
-1.912000	0.000000
-1.911000	0.000000
-1.910000	0.000000
-1.909000	0.000000
-1.908000	0.000000
-1.907000	0.000000
-1.906000	0.000000
-1.905000	0.000000
-1.904000	0.000000
-1.903000	0.000000
-1.902000	0.000000
-1.901000	0.000000
-1.900000	0.000000
-1.899000	0.000000
-1.898000	0.000000
-1.897000	0.000000
-1.896000	0.000000
-1.895000	0.000000
-1.894000	0.000000
-1.893000	0.000000
-1.892000	0.000000
-1.891000	0.000000
-1.890000	0.000000
-1.889000	0.000000
-1.888000	0.000000
-1.887000	0.000000
-1.886000	0.000000
-1.885000	0.000000
-1.884000	0.000000
-1.883000	0.000000
-1.882000	0.000000
-1.881000	0.000000
-1.880000	0.000000
-1.879000	0.000000
-1.878000	0.000000
-1.877000	0.000000
-1.876000	0.000000
-1.875000	0.000000
-1.874000	0.000000
-1.873000	0.000000
-1.872000	0.000000
-1.871000	0.000000
-1.870000	0.000000
-1.869000	0.000000
-1.868000	0.000000
-1.867000	0.000000
-1.866000	0.000000
-1.865000	0.000000
-1.864000	0.000000
-1.863000	0.000000
-1.862000	0.000000
-1.861000	0.000000
-1.860000	0.000000
-1.859000	0.000000
-1.858000	0.000000
-1.857000	0.000000
-1.856000	0.000000
-1.855000	0.000000
-1.854000	0.000000
-1.853000	0.000000
-1.852000	0.000000
-1.851000	0.000000
-1.850000	0.000000
-1.849000	0.000000
-1.848000	0.000000
-1.847000	0.000000
-1.846000	0.000000
-1.845000	0.000000
-1.844000	0.000000
-1.843000	0.000000
-1.842000	0.000000
-1.841000	0.000000
-1.840000	0.000000
-1.839000	0.000000
-1.838000	0.000000
-1.837000	0.000000
-1.836000	0.000000
-1.835000	0.000000
-1.834000	0.000000
-1.833000	0.000000
-1.832000	0.000000
-1.831000	0.000000
-1.830000	0.000000
-1.829000	0.000000
-1.828000	0.000000
-1.827000	0.000000
-1.826000	0.000000
-1.825000	0.000000
-1.824000	0.000000
-1.823000	0.000000
-1.822000	0.000000
-1.821000	0.000000
-1.820000	0.000000
-1.819000	0.000000
-1.818000	0.000000
-1.817000	0.000000
-1.816000	0.000000
-1.815000	0.000000
-1.814000	0.000000
-1.813000	0.000000
-1.812000	0.000000
-1.811000	0.000000
-1.810000	0.000000
-1.809000	0.000000
-1.808000	0.000000
-1.807000	0.000000
-1.806000	0.000000
-1.805000	0.000000
-1.804000	0.000000
-1.803000	0.000000
-1.802000	0.000000
-1.801000	0.000000
-1.800000	0.000000
-1.799000	0.000000
-1.798000	0.000000
-1.797000	0.000000
-1.796000	0.000000
-1.795000	0.000000
-1.794000	0.000000
-1.793000	0.000000
-1.792000	0.000000
-1.791000	0.000000
-1.790000	0.000000
-1.789000	0.000000
-1.788000	0.000000
-1.787000	0.000000
-1.786000	0.000000
-1.785000	0.000000
-1.784000	0.000000
-1.783000	0.000000
-1.782000	0.000000
-1.781000	0.000000
-1.780000	0.000000
-1.779000	0.000000
-1.778000	0.000000
-1.777000	0.000000
-1.776000	0.000000
-1.775000	0.000000
-1.774000	0.000000
-1.773000	0.000000
-1.772000	0.000000
-1.771000	0.000000
-1.770000	0.000000
-1.769000	0.000000
-1.768000	0.000000
-1.767000	0.000000
-1.766000	0.000000
-1.765000	0.000000
-1.764000	0.000000
-1.763000	0.000000
-1.762000	0.000000
-1.761000	0.000000
-1.760000	0.000000
-1.759000	0.000000
-1.758000	0.000000
-1.757000	0.000000
-1.756000	0.000000
-1.755000	0.000000
-1.754000	0.000000
-1.753000	0.000000
-1.752000	0.000000
-1.751000	0.000000
-1.750000	0.000000
-1.749000	0.000000
-1.748000	0.000000
-1.747000	0.000000
-1.746000	0.000000
-1.745000	0.000000
-1.744000	0.000000
-1.743000	0.000000
-1.742000	0.000000
-1.741000	0.000000
-1.740000	0.000000
-1.739000	0.000000
-1.738000	0.000000
-1.737000	0.000000
-1.736000	0.000000
-1.735000	0.000000
-1.734000	0.000000
-1.733000	0.000000
-1.732000	0.000000
-1.731000	0.000000
-1.730000	0.000000
-1.729000	0.000000
-1.728000	0.000000
-1.727000	0.000000
-1.726000	0.000000
-1.725000	0.000000
-1.724000	0.000000
-1.723000	0.000000
-1.722000	0.000000
-1.721000	0.000000
-1.720000	0.000000
-1.719000	0.000000
-1.718000	0.000000
-1.717000	0.000000
-1.716000	0.000000
-1.715000	0.000000
-1.714000	0.000000
-1.713000	0.000000
-1.712000	0.000000
-1.711000	0.000000
-1.710000	0.000000
-1.709000	0.000000
-1.708000	0.000000
-1.707000	0.000000
-1.706000	0.000000
-1.705000	0.000000
-1.704000	0.000000
-1.703000	0.000000
-1.702000	0.000000
-1.701000	0.000000
-1.700000	0.000000
-1.699000	0.000000
-1.698000	0.000000
-1.697000	0.000000
-1.696000	0.000000
-1.695000	0.000000
-1.694000	0.000000
-1.693000	0.000000
-1.692000	0.000000
-1.691000	0.000000
-1.690000	0.000000
-1.689000	0.000000
-1.688000	0.000000
-1.687000	0.000000
-1.686000	0.000000
-1.685000	0.000000
-1.684000	0.000000
-1.683000	0.000000
-1.682000	0.000000
-1.681000	0.000000
-1.680000	0.000000
-1.679000	0.000000
-1.678000	0.000000
-1.677000	0.000000
-1.676000	0.000000
-1.675000	0.000000
-1.674000	0.000000
-1.673000	0.000000
-1.672000	0.000000
-1.671000	0.000000
-1.670000	0.000000
-1.669000	0.000000
-1.668000	0.000000
-1.667000	0.000000
-1.666000	0.000000
-1.665000	0.000000
-1.664000	0.000000
-1.663000	0.000000
-1.662000	0.000000
-1.661000	0.000000
-1.660000	0.000000
-1.659000	0.000000
-1.658000	0.000000
-1.657000	0.000000
-1.656000	0.000000
-1.655000	0.000000
-1.654000	0.000000
-1.653000	0.000000
-1.652000	0.000000
-1.651000	0.000000
-1.650000	0.000000
-1.649000	0.000000
-1.648000	0.000000
-1.647000	0.000000
-1.646000	0.000000
-1.645000	0.000000
-1.644000	0.000000
-1.643000	0.000000
-1.642000	0.000000
-1.641000	0.000000
-1.640000	0.000000
-1.639000	0.000000
-1.638000	0.000000
-1.637000	0.000000
-1.636000	0.000000
-1.635000	0.000000
-1.634000	0.000000
-1.633000	0.000000
-1.632000	0.000000
-1.631000	0.000000
-1.630000	0.000000
-1.629000	0.000000
-1.628000	0.000000
-1.627000	0.000000
-1.626000	0.000000
-1.625000	0.000000
-1.624000	0.000000
-1.623000	0.000000
-1.622000	0.000000
-1.621000	0.000000
-1.620000	0.000000
-1.619000	0.000000
-1.618000	0.000000
-1.617000	0.000000
-1.616000	0.000000
-1.615000	0.000000
-1.614000	0.000000
-1.613000	0.000000
-1.612000	0.000000
-1.611000	0.000000
-1.610000	0.000000
-1.609000	0.000000
-1.608000	0.000000
-1.607000	0.000000
-1.606000	0.000000
-1.605000	0.000000
-1.604000	0.000000
-1.603000	0.000000
-1.602000	0.000000
-1.601000	0.000000
-1.600000	0.000000
-1.599000	0.000000
-1.598000	0.000000
-1.597000	0.000000
-1.596000	0.000000
-1.595000	0.000000
-1.594000	0.000000
-1.593000	0.000000
-1.592000	0.000000
-1.591000	0.000000
-1.590000	0.000000
-1.589000	0.000000
-1.588000	0.000000
-1.587000	0.000000
-1.586000	0.000000
-1.585000	0.000000
-1.584000	0.000000
-1.583000	0.000000
-1.582000	0.000000
-1.581000	0.000000
-1.580000	0.000000
-1.579000	0.000000
-1.578000	0.000000
-1.577000	0.000000
-1.576000	0.000000
-1.575000	0.000000
-1.574000	0.000000
-1.573000	0.000000
-1.572000	0.000000
-1.571000	0.000000
-1.570000	0.000000
-1.569000	0.000000
-1.568000	0.000000
-1.567000	0.000000
-1.566000	0.000000
-1.565000	0.000000
-1.564000	0.000000
-1.563000	0.000000
-1.562000	0.000000
-1.561000	0.000000
-1.560000	0.000000
-1.559000	0.000000
-1.558000	0.000000
-1.557000	0.000000
-1.556000	0.000000
-1.555000	0.000000
-1.554000	0.000000
-1.553000	0.000000
-1.552000	0.000000
-1.551000	0.000000
-1.550000	0.000000
-1.549000	0.000000
-1.548000	0.000000
-1.547000	0.000000
-1.546000	0.000000
-1.545000	0.000000
-1.544000	0.000000
-1.543000	0.000000
-1.542000	0.000000
-1.541000	0.000000
-1.540000	0.000000
-1.539000	0.000000
-1.538000	0.000000
-1.537000	0.000000
-1.536000	0.000000
-1.535000	0.000000
-1.534000	0.000000
-1.533000	0.000000
-1.532000	0.000000
-1.531000	0.000000
-1.530000	0.000000
-1.529000	0.000000
-1.528000	0.000000
-1.527000	0.000000
-1.526000	0.000000
-1.525000	0.000000
-1.524000	0.000000
-1.523000	0.000000
-1.522000	0.000000
-1.521000	0.000000
-1.520000	0.000000
-1.519000	0.000000
-1.518000	0.000000
-1.517000	0.000000
-1.516000	0.000000
-1.515000	0.000000
-1.514000	0.000000
-1.513000	0.000000
-1.512000	0.000000
-1.511000	0.000000
-1.510000	0.000000
-1.509000	0.000000
-1.508000	0.000000
-1.507000	0.000000
-1.506000	0.000000
-1.505000	0.000000
-1.504000	0.000000
-1.503000	0.000000
-1.502000	0.000000
-1.501000	0.000000
-1.500000	0.000000
-1.499000	0.000000
-1.498000	0.000000
-1.497000	0.000000
-1.496000	0.000000
-1.495000	0.000000
-1.494000	0.000000
-1.493000	0.000000
-1.492000	0.000000
-1.491000	0.000000
-1.490000	0.000000
-1.489000	0.000000
-1.488000	0.000000
-1.487000	0.000000
-1.486000	0.000000
-1.485000	0.000000
-1.484000	0.000000
-1.483000	0.000000
-1.482000	0.000000
-1.481000	0.000000
-1.480000	0.000000
-1.479000	0.000000
-1.478000	0.000000
-1.477000	0.000000
-1.476000	0.000000
-1.475000	0.000000
-1.474000	0.000000
-1.473000	0.000000
-1.472000	0.000000
-1.471000	0.000000
-1.470000	0.000000
-1.469000	0.000000
-1.468000	0.000000
-1.467000	0.000000
-1.466000	0.000000
-1.465000	0.000000
-1.464000	0.000000
-1.463000	0.000000
-1.462000	0.000000
-1.461000	0.000000
-1.460000	0.000000
-1.459000	0.000000
-1.458000	0.000000
-1.457000	0.000000
-1.456000	0.000000
-1.455000	0.000000
-1.454000	0.000000
-1.453000	0.000000
-1.452000	0.000000
-1.451000	0.000000
-1.450000	0.000000
-1.449000	0.000000
-1.448000	0.000000
-1.447000	0.000000
-1.446000	0.000000
-1.445000	0.000000
-1.444000	0.000000
-1.443000	0.000000
-1.442000	0.000000
-1.441000	0.000000
-1.440000	0.000000
-1.439000	0.000000
-1.438000	0.000000
-1.437000	0.000000
-1.436000	0.000000
-1.435000	0.000000
-1.434000	0.000000
-1.433000	0.000000
-1.432000	0.000000
-1.431000	0.000000
-1.430000	0.000000
-1.429000	0.000000
-1.428000	0.000000
-1.427000	0.000000
-1.426000	0.000000
-1.425000	0.000000
-1.424000	0.000000
-1.423000	0.000000
-1.422000	0.000000
-1.421000	0.000000
-1.420000	0.000000
-1.419000	0.000000
-1.418000	0.000000
-1.417000	0.000000
-1.416000	0.000000
-1.415000	0.000000
-1.414000	0.000000
-1.413000	0.000000
-1.412000	0.000000
-1.411000	0.000000
-1.410000	0.000000
-1.409000	0.000000
-1.408000	0.000000
-1.407000	0.000000
-1.406000	0.000000
-1.405000	0.000000
-1.404000	0.000000
-1.403000	0.000000
-1.402000	0.000000
-1.401000	0.000000
-1.400000	0.000000
-1.399000	0.000000
-1.398000	0.000000
-1.397000	0.000000
-1.396000	0.000000
-1.395000	0.000000
-1.394000	0.000000
-1.393000	0.000000
-1.392000	0.000000
-1.391000	0.000000
-1.390000	0.000000
-1.389000	0.000000
-1.388000	0.000000
-1.387000	0.000000
-1.386000	0.000000
-1.385000	0.000000
-1.384000	0.000000
-1.383000	0.000000
-1.382000	0.000000
-1.381000	0.000000
-1.380000	0.000000
-1.379000	0.000000
-1.378000	0.000000
-1.377000	0.000000
-1.376000	0.000000
-1.375000	0.000000
-1.374000	0.000000
-1.373000	0.000000
-1.372000	0.000000
-1.371000	0.000000
-1.370000	0.000000
-1.369000	0.000000
-1.368000	0.000000
-1.367000	0.000000
-1.366000	0.000000
-1.365000	0.000000
-1.364000	0.000000
-1.363000	0.000000
-1.362000	0.000000
-1.361000	0.000000
-1.360000	0.000000
-1.359000	0.000000
-1.358000	0.000000
-1.357000	0.000000
-1.356000	0.000000
-1.355000	0.000000
-1.354000	0.000000
-1.353000	0.000000
-1.352000	0.000000
-1.351000	0.000000
-1.350000	0.000000
-1.349000	0.000000
-1.348000	0.000000
-1.347000	0.000000
-1.346000	0.000000
-1.345000	0.000000
-1.344000	0.000000
-1.343000	0.000000
-1.342000	0.000000
-1.341000	0.000000
-1.340000	0.000000
-1.339000	0.000000
-1.338000	0.000000
-1.337000	0.000000
-1.336000	0.000000
-1.335000	0.000000
-1.334000	0.000000
-1.333000	0.000000
-1.332000	0.000000
-1.331000	0.000000
-1.330000	0.000000
-1.329000	0.000000
-1.328000	0.000000
-1.327000	0.000000
-1.326000	0.000000
-1.325000	0.000000
-1.324000	0.000000
-1.323000	0.000000
-1.322000	0.000000
-1.321000	0.000000
-1.320000	0.000000
-1.319000	0.000000
-1.318000	0.000000
-1.317000	0.000000
-1.316000	0.000000
-1.315000	0.000000
-1.314000	0.000000
-1.313000	0.000000
-1.312000	0.000000
-1.311000	0.000000
-1.310000	0.000000
-1.309000	0.000000
-1.308000	0.000000
-1.307000	0.000000
-1.306000	0.000000
-1.305000	0.000000
-1.304000	0.000000
-1.303000	0.000000
-1.302000	0.000000
-1.301000	0.000000
-1.300000	0.000000
-1.299000	0.000000
-1.298000	0.000000
-1.297000	0.000000
-1.296000	0.000000
-1.295000	0.000000
-1.294000	0.000000
-1.293000	0.000000
-1.292000	0.000000
-1.291000	0.000000
-1.290000	0.000000
-1.289000	0.000000
-1.288000	0.000000
-1.287000	0.000000
-1.286000	0.000000
-1.285000	0.000000
-1.284000	0.000000
-1.283000	0.000000
-1.282000	0.000000
-1.281000	0.000000
-1.280000	0.000000
-1.279000	0.000000
-1.278000	0.000000
-1.277000	0.000000
-1.276000	0.000000
-1.275000	0.000000
-1.274000	0.000000
-1.273000	0.000000
-1.272000	0.000000
-1.271000	0.000000
-1.270000	0.000000
-1.269000	0.000000
-1.268000	0.000000
-1.267000	0.000000
-1.266000	0.000000
-1.265000	0.000000
-1.264000	0.000000
-1.263000	0.000000
-1.262000	0.000000
-1.261000	0.000000
-1.260000	0.000000
-1.259000	0.000000
-1.258000	0.000000
-1.257000	0.000000
-1.256000	0.000000
-1.255000	0.000000
-1.254000	0.000000
-1.253000	0.000000
-1.252000	0.000000
-1.251000	0.000000
-1.250000	0.000000
-1.249000	0.000000
-1.248000	0.000000
-1.247000	0.000000
-1.246000	0.000000
-1.245000	0.000000
-1.244000	0.000000
-1.243000	0.000000
-1.242000	0.000000
-1.241000	0.000000
-1.240000	0.000000
-1.239000	0.000000
-1.238000	0.000000
-1.237000	0.000000
-1.236000	0.000000
-1.235000	0.000000
-1.234000	0.000000
-1.233000	0.000000
-1.232000	0.000000
-1.231000	0.000000
-1.230000	0.000000
-1.229000	0.000000
-1.228000	0.000000
-1.227000	0.000000
-1.226000	0.000000
-1.225000	0.000000
-1.224000	0.000000
-1.223000	0.000000
-1.222000	0.000000
-1.221000	0.000000
-1.220000	0.000000
-1.219000	0.000000
-1.218000	0.000000
-1.217000	0.000000
-1.216000	0.000000
-1.215000	0.000000
-1.214000	0.000000
-1.213000	0.000000
-1.212000	0.000000
-1.211000	0.000000
-1.210000	0.000000
-1.209000	0.000000
-1.208000	0.000000
-1.207000	0.000000
-1.206000	0.000000
-1.205000	0.000000
-1.204000	0.000000
-1.203000	0.000000
-1.202000	0.000000
-1.201000	0.000000
-1.200000	0.000000
-1.199000	0.000000
-1.198000	0.000000
-1.197000	0.000000
-1.196000	0.000000
-1.195000	0.000000
-1.194000	0.000000
-1.193000	0.000000
-1.192000	0.000000
-1.191000	0.000000
-1.190000	0.000000
-1.189000	0.000000
-1.188000	0.000000
-1.187000	0.000000
-1.186000	0.000000
-1.185000	0.000000
-1.184000	0.000000
-1.183000	0.000000
-1.182000	0.000000
-1.181000	0.000000
-1.180000	0.000000
-1.179000	0.000000
-1.178000	0.000000
-1.177000	0.000000
-1.176000	0.000000
-1.175000	0.000000
-1.174000	0.000000
-1.173000	0.000000
-1.172000	0.000000
-1.171000	0.000000
-1.170000	0.000000
-1.169000	0.000000
-1.168000	0.000000
-1.167000	0.000000
-1.166000	0.000000
-1.165000	0.000000
-1.164000	0.000000
-1.163000	0.000000
-1.162000	0.000000
-1.161000	0.000000
-1.160000	0.000000
-1.159000	0.000000
-1.158000	0.000000
-1.157000	0.000000
-1.156000	0.000000
-1.155000	0.000000
-1.154000	0.000000
-1.153000	0.000000
-1.152000	0.000000
-1.151000	0.000000
-1.150000	0.000000
-1.149000	0.000000
-1.148000	0.000000
-1.147000	0.000000
-1.146000	0.000000
-1.145000	0.000000
-1.144000	0.000000
-1.143000	0.000000
-1.142000	0.000000
-1.141000	0.000000
-1.140000	0.000000
-1.139000	0.000000
-1.138000	0.000000
-1.137000	0.000000
-1.136000	0.000000
-1.135000	0.000000
-1.134000	0.000000
-1.133000	0.000000
-1.132000	0.000000
-1.131000	0.000000
-1.130000	0.000000
-1.129000	0.000000
-1.128000	0.000000
-1.127000	0.000000
-1.126000	0.000000
-1.125000	0.000000
-1.124000	0.000000
-1.123000	0.000000
-1.122000	0.000000
-1.121000	0.000000
-1.120000	0.000000
-1.119000	0.000000
-1.118000	0.000000
-1.117000	0.000000
-1.116000	0.000000
-1.115000	0.000000
-1.114000	0.000000
-1.113000	0.000000
-1.112000	0.000000
-1.111000	0.000000
-1.110000	0.000000
-1.109000	0.000000
-1.108000	0.000000
-1.107000	0.000000
-1.106000	0.000000
-1.105000	0.000000
-1.104000	0.000000
-1.103000	0.000000
-1.102000	0.000000
-1.101000	0.000000
-1.100000	0.000000
-1.099000	0.000000
-1.098000	0.000000
-1.097000	0.000000
-1.096000	0.000000
-1.095000	0.000000
-1.094000	0.000000
-1.093000	0.000000
-1.092000	0.000000
-1.091000	0.000000
-1.090000	0.000000
-1.089000	0.000000
-1.088000	0.000000
-1.087000	0.000000
-1.086000	0.000000
-1.085000	0.000000
-1.084000	0.000000
-1.083000	0.000000
-1.082000	0.000000
-1.081000	0.000000
-1.080000	0.000000
-1.079000	0.000000
-1.078000	0.000000
-1.077000	0.000000
-1.076000	0.000000
-1.075000	0.000000
-1.074000	0.000000
-1.073000	0.000000
-1.072000	0.000000
-1.071000	0.000000
-1.070000	0.000000
-1.069000	0.000000
-1.068000	0.000000
-1.067000	0.000000
-1.066000	0.000000
-1.065000	0.000000
-1.064000	0.000000
-1.063000	0.000000
-1.062000	0.000000
-1.061000	0.000000
-1.060000	0.000000
-1.059000	0.000000
-1.058000	0.000000
-1.057000	0.000000
-1.056000	0.000000
-1.055000	0.000000
-1.054000	0.000000
-1.053000	0.000000
-1.052000	0.000000
-1.051000	0.000000
-1.050000	0.000000
-1.049000	0.000000
-1.048000	0.000000
-1.047000	0.000000
-1.046000	0.000000
-1.045000	0.000000
-1.044000	0.000000
-1.043000	0.000000
-1.042000	0.000000
-1.041000	0.000000
-1.040000	0.000000
-1.039000	0.000000
-1.038000	0.000000
-1.037000	0.000000
-1.036000	0.000000
-1.035000	0.000000
-1.034000	0.000000
-1.033000	0.000000
-1.032000	0.000000
-1.031000	0.000000
-1.030000	0.000000
-1.029000	0.000000
-1.028000	0.000000
-1.027000	0.000000
-1.026000	0.000000
-1.025000	0.000000
-1.024000	0.000000
-1.023000	0.000000
-1.022000	0.000000
-1.021000	0.000000
-1.020000	0.000000
-1.019000	0.000000
-1.018000	0.000000
-1.017000	0.000000
-1.016000	0.000000
-1.015000	0.000000
-1.014000	0.000000
-1.013000	0.000000
-1.012000	0.000000
-1.011000	0.000000
-1.010000	0.000000
-1.009000	0.000000
-1.008000	0.000000
-1.007000	0.000000
-1.006000	0.000000
-1.005000	0.000000
-1.004000	0.000000
-1.003000	0.000000
-1.002000	0.000000
-1.001000	0.000000
-1.000000	0.000000
-0.999000	0.004347
-0.998000	0.007969
-0.997000	0.011358
-0.996000	0.014603
-0.995000	0.017744
-0.994000	0.020804
-0.993000	0.023797
-0.992000	0.026735
-0.991000	0.029624
-0.990000	0.032471
-0.989000	0.035280
-0.988000	0.038054
-0.987000	0.040797
-0.986000	0.043510
-0.985000	0.046198
-0.984000	0.048860
-0.983000	0.051499
-0.982000	0.054116
-0.981000	0.056713
-0.980000	0.059290
-0.979000	0.061849
-0.978000	0.064390
-0.977000	0.066914
-0.976000	0.069422
-0.975000	0.071915
-0.974000	0.074393
-0.973000	0.076856
-0.972000	0.079306
-0.971000	0.081743
-0.970000	0.084166
-0.969000	0.086578
-0.968000	0.088977
-0.967000	0.091365
-0.966000	0.093741
-0.965000	0.096106
-0.964000	0.098461
-0.963000	0.100805
-0.962000	0.103139
-0.961000	0.105463
-0.960000	0.107777
-0.959000	0.110082
-0.958000	0.112377
-0.957000	0.114664
-0.956000	0.116942
-0.955000	0.119210
-0.954000	0.121471
-0.953000	0.123723
-0.952000	0.125967
-0.951000	0.128203
-0.950000	0.130430
-0.949000	0.132651
-0.948000	0.134863
-0.947000	0.137068
-0.946000	0.139266
-0.945000	0.141456
-0.944000	0.143639
-0.943000	0.145816
-0.942000	0.147985
-0.941000	0.150147
-0.940000	0.152303
-0.939000	0.154452
-0.938000	0.156595
-0.937000	0.158731
-0.936000	0.160861
-0.935000	0.162984
-0.934000	0.165101
-0.933000	0.167212
-0.932000	0.169317
-0.931000	0.171416
-0.930000	0.173510
-0.929000	0.175597
-0.928000	0.177678
-0.927000	0.179754
-0.926000	0.181824
-0.925000	0.183889
-0.924000	0.185948
-0.923000	0.188001
-0.922000	0.190050
-0.921000	0.192092
-0.920000	0.194130
-0.919000	0.196162
-0.918000	0.198189
-0.917000	0.200211
-0.916000	0.202228
-0.915000	0.204239
-0.914000	0.206246
-0.913000	0.208248
-0.912000	0.210244
-0.911000	0.212236
-0.910000	0.214223
-0.909000	0.216205
-0.908000	0.218183
-0.907000	0.220155
-0.906000	0.222123
-0.905000	0.224087
-0.904000	0.226046
-0.903000	0.228000
-0.902000	0.229949
-0.901000	0.231894
-0.900000	0.233835
-0.899000	0.235771
-0.898000	0.237703
-0.897000	0.239630
-0.896000	0.241553
-0.895000	0.243472
-0.894000	0.245386
-0.893000	0.247296
-0.892000	0.249202
-0.891000	0.251104
-0.890000	0.253001
-0.889000	0.254895
-0.888000	0.256784
-0.887000	0.258669
-0.886000	0.260550
-0.885000	0.262427
-0.884000	0.264300
-0.883000	0.266169
-0.882000	0.268033
-0.881000	0.269894
-0.880000	0.271751
-0.879000	0.273604
-0.878000	0.275454
-0.877000	0.277299
-0.876000	0.279140
-0.875000	0.280978
-0.874000	0.282812
-0.873000	0.284642
-0.872000	0.286468
-0.871000	0.288291
-0.870000	0.290109
-0.869000	0.291924
-0.868000	0.293736
-0.867000	0.295544
-0.866000	0.297348
-0.865000	0.299148
-0.864000	0.300945
-0.863000	0.302738
-0.862000	0.304527
-0.861000	0.306313
-0.860000	0.308096
-0.859000	0.309875
-0.858000	0.311650
-0.857000	0.313422
-0.856000	0.315190
-0.855000	0.316955
-0.854000	0.318717
-0.853000	0.320475
-0.852000	0.322229
-0.851000	0.323980
-0.850000	0.325728
-0.849000	0.327472
-0.848000	0.329213
-0.847000	0.330951
-0.846000	0.332685
-0.845000	0.334416
-0.844000	0.336144
-0.843000	0.337868
-0.842000	0.339589
-0.841000	0.341306
-0.840000	0.343021
-0.839000	0.344732
-0.838000	0.346440
-0.837000	0.348145
-0.836000	0.349846
-0.835000	0.351544
-0.834000	0.353239
-0.833000	0.354931
-0.832000	0.356620
-0.831000	0.358305
-0.830000	0.359988
-0.829000	0.361667
-0.828000	0.363343
-0.827000	0.365016
-0.826000	0.366686
-0.825000	0.368352
-0.824000	0.370016
-0.823000	0.371676
-0.822000	0.373334
-0.821000	0.374988
-0.820000	0.376640
-0.819000	0.378288
-0.818000	0.379933
-0.817000	0.381575
-0.816000	0.383215
-0.815000	0.384851
-0.814000	0.386484
-0.813000	0.388114
-0.812000	0.389741
-0.811000	0.391366
-0.810000	0.392987
-0.809000	0.394605
-0.808000	0.396221
-0.807000	0.397833
-0.806000	0.399443
-0.805000	0.401049
-0.804000	0.402653
-0.803000	0.404254
-0.802000	0.405852
-0.801000	0.407447
-0.800000	0.409039
-0.799000	0.410628
-0.798000	0.412215
-0.797000	0.413798
-0.796000	0.415379
-0.795000	0.416957
-0.794000	0.418532
-0.793000	0.420104
-0.792000	0.421673
-0.791000	0.423240
-0.790000	0.424804
-0.789000	0.426365
-0.788000	0.427923
-0.787000	0.429478
-0.786000	0.431031
-0.785000	0.432581
-0.784000	0.434128
-0.783000	0.435672
-0.782000	0.437214
-0.781000	0.438752
-0.780000	0.440289
-0.779000	0.441822
-0.778000	0.443352
-0.777000	0.444880
-0.776000	0.446406
-0.775000	0.447928
-0.774000	0.449448
-0.773000	0.450965
-0.772000	0.452479
-0.771000	0.453991
-0.770000	0.455500
-0.769000	0.457006
-0.768000	0.458510
-0.767000	0.460011
-0.766000	0.461510
-0.765000	0.463005
-0.764000	0.464498
-0.763000	0.465989
-0.762000	0.467477
-0.761000	0.468962
-0.760000	0.470445
-0.759000	0.471924
-0.758000	0.473402
-0.757000	0.474877
-0.756000	0.476349
-0.755000	0.477818
-0.754000	0.479285
-0.753000	0.480750
-0.752000	0.482211
-0.751000	0.483671
-0.750000	0.485127
-0.749000	0.486581
-0.748000	0.488033
-0.747000	0.489482
-0.746000	0.490928
-0.745000	0.492372
-0.744000	0.493814
-0.743000	0.495253
-0.742000	0.496689
-0.741000	0.498123
-0.740000	0.499554
-0.739000	0.500983
-0.738000	0.502409
-0.737000	0.503832
-0.736000	0.505254
-0.735000	0.506672
-0.734000	0.508089
-0.733000	0.509502
-0.732000	0.510913
-0.731000	0.512322
-0.730000	0.513728
-0.729000	0.515132
-0.728000	0.516534
-0.727000	0.517932
-0.726000	0.519329
-0.725000	0.520723
-0.724000	0.522114
-0.723000	0.523503
-0.722000	0.524890
-0.721000	0.526274
-0.720000	0.527656
-0.719000	0.529035
-0.718000	0.530412
-0.717000	0.531786
-0.716000	0.533158
-0.715000	0.534528
-0.714000	0.535895
-0.713000	0.537260
-0.712000	0.538622
-0.711000	0.539982
-0.710000	0.541340
-0.709000	0.542695
-0.708000	0.544048
-0.707000	0.545398
-0.706000	0.546746
-0.705000	0.548092
-0.704000	0.549435
-0.703000	0.550776
-0.702000	0.552114
-0.701000	0.553450
-0.700000	0.554784
-0.699000	0.556115
-0.698000	0.557444
-0.697000	0.558771
-0.696000	0.560095
-0.695000	0.561417
-0.694000	0.562737
-0.693000	0.564054
-0.692000	0.565369
-0.691000	0.566682
-0.690000	0.567992
-0.689000	0.569300
-0.688000	0.570606
-0.687000	0.571909
-0.686000	0.573210
-0.685000	0.574509
-0.684000	0.575805
-0.683000	0.577099
-0.682000	0.578391
-0.681000	0.579680
-0.680000	0.580968
-0.679000	0.582252
-0.678000	0.583535
-0.677000	0.584815
-0.676000	0.586093
-0.675000	0.587369
-0.674000	0.588642
-0.673000	0.589913
-0.672000	0.591182
-0.671000	0.592449
-0.670000	0.593713
-0.669000	0.594975
-0.668000	0.596235
-0.667000	0.597492
-0.666000	0.598748
-0.665000	0.600001
-0.664000	0.601251
-0.663000	0.602500
-0.662000	0.603746
-0.661000	0.604990
-0.660000	0.606232
-0.659000	0.607471
-0.658000	0.608708
-0.657000	0.609943
-0.656000	0.611176
-0.655000	0.612407
-0.654000	0.613635
-0.653000	0.614861
-0.652000	0.616085
-0.651000	0.617307
-0.650000	0.618526
-0.649000	0.619743
-0.648000	0.620958
-0.647000	0.622171
-0.646000	0.623382
-0.645000	0.624590
-0.644000	0.625796
-0.643000	0.627000
-0.642000	0.628202
-0.641000	0.629401
-0.640000	0.630599
-0.639000	0.631794
-0.638000	0.632987
-0.637000	0.634178
-0.636000	0.635366
-0.635000	0.636553
-0.634000	0.637737
-0.633000	0.638919
-0.632000	0.640099
-0.631000	0.641276
-0.630000	0.642452
-0.629000	0.643625
-0.628000	0.644797
-0.627000	0.645966
-0.626000	0.647132
-0.625000	0.648297
-0.624000	0.649460
-0.623000	0.650620
-0.622000	0.651778
-0.621000	0.652934
-0.620000	0.654088
-0.619000	0.655240
-0.618000	0.656390
-0.617000	0.657537
-0.616000	0.658682
-0.615000	0.659826
-0.614000	0.660967
-0.613000	0.662105
-0.612000	0.663242
-0.611000	0.664377
-0.610000	0.665509
-0.609000	0.666640
-0.608000	0.667768
-0.607000	0.668894
-0.606000	0.670018
-0.605000	0.671140
-0.604000	0.672260
-0.603000	0.673377
-0.602000	0.674493
-0.601000	0.675606
-0.600000	0.676718
-0.599000	0.677827
-0.598000	0.678934
-0.597000	0.680039
-0.596000	0.681142
-0.595000	0.682242
-0.594000	0.683341
-0.593000	0.684438
-0.592000	0.685532
-0.591000	0.686625
-0.590000	0.687715
-0.589000	0.688803
-0.588000	0.689889
-0.587000	0.690973
-0.586000	0.692055
-0.585000	0.693135
-0.584000	0.694213
-0.583000	0.695288
-0.582000	0.696362
-0.581000	0.697433
-0.580000	0.698503
-0.579000	0.699570
-0.578000	0.700635
-0.577000	0.701699
-0.576000	0.702760
-0.575000	0.703819
-0.574000	0.704876
-0.573000	0.705931
-0.572000	0.706983
-0.571000	0.708034
-0.570000	0.709083
-0.569000	0.710130
-0.568000	0.711174
-0.567000	0.712217
-0.566000	0.713257
-0.565000	0.714296
-0.564000	0.715332
-0.563000	0.716367
-0.562000	0.717399
-0.561000	0.718429
-0.560000	0.719457
-0.559000	0.720484
-0.558000	0.721508
-0.557000	0.722530
-0.556000	0.723550
-0.555000	0.724568
-0.554000	0.725584
-0.553000	0.726598
-0.552000	0.727610
-0.551000	0.728620
-0.550000	0.729627
-0.549000	0.730633
-0.548000	0.731637
-0.547000	0.732639
-0.546000	0.733639
-0.545000	0.734636
-0.544000	0.735632
-0.543000	0.736626
-0.542000	0.737617
-0.541000	0.738607
-0.540000	0.739595
-0.539000	0.740580
-0.538000	0.741564
-0.537000	0.742545
-0.536000	0.743525
-0.535000	0.744503
-0.534000	0.745478
-0.533000	0.746452
-0.532000	0.747423
-0.531000	0.748393
-0.530000	0.749360
-0.529000	0.750326
-0.528000	0.751289
-0.527000	0.752251
-0.526000	0.753210
-0.525000	0.754168
-0.524000	0.755123
-0.523000	0.756077
-0.522000	0.757029
-0.521000	0.757978
-0.520000	0.758926
-0.519000	0.759871
-0.518000	0.760815
-0.517000	0.761756
-0.516000	0.762696
-0.515000	0.763634
-0.514000	0.764569
-0.513000	0.765503
-0.512000	0.766435
-0.511000	0.767364
-0.510000	0.768292
-0.509000	0.769218
-0.508000	0.770142
-0.507000	0.771064
-0.506000	0.771983
-0.505000	0.772901
-0.504000	0.773817
-0.503000	0.774731
-0.502000	0.775643
-0.501000	0.776553
-0.500000	0.777461
-0.499000	0.778367
-0.498000	0.779271
-0.497000	0.780173
-0.496000	0.781073
-0.495000	0.781972
-0.494000	0.782868
-0.493000	0.783762
-0.492000	0.784654
-0.491000	0.785545
-0.490000	0.786433
-0.489000	0.787320
-0.488000	0.788204
-0.487000	0.789087
-0.486000	0.789967
-0.485000	0.790846
-0.484000	0.791723
-0.483000	0.792598
-0.482000	0.793470
-0.481000	0.794341
-0.480000	0.795210
-0.479000	0.796077
-0.478000	0.796942
-0.477000	0.797805
-0.476000	0.798666
-0.475000	0.799526
-0.474000	0.800383
-0.473000	0.801238
-0.472000	0.802092
-0.471000	0.802943
-0.470000	0.803793
-0.469000	0.804640
-0.468000	0.805486
-0.467000	0.806330
-0.466000	0.807172
-0.465000	0.808011
-0.464000	0.808849
-0.463000	0.809685
-0.462000	0.810519
-0.461000	0.811352
-0.460000	0.812182
-0.459000	0.813010
-0.458000	0.813837
-0.457000	0.814661
-0.456000	0.815484
-0.455000	0.816304
-0.454000	0.817123
-0.453000	0.817940
-0.452000	0.818755
-0.451000	0.819568
-0.450000	0.820379
-0.449000	0.821188
-0.448000	0.821995
-0.447000	0.822800
-0.446000	0.823604
-0.445000	0.824405
-0.444000	0.825205
-0.443000	0.826002
-0.442000	0.826798
-0.441000	0.827592
-0.440000	0.828384
-0.439000	0.829174
-0.438000	0.829962
-0.437000	0.830748
-0.436000	0.831533
-0.435000	0.832315
-0.434000	0.833096
-0.433000	0.833874
-0.432000	0.834651
-0.431000	0.835426
-0.430000	0.836199
-0.429000	0.836970
-0.428000	0.837739
-0.427000	0.838506
-0.426000	0.839272
-0.425000	0.840035
-0.424000	0.840797
-0.423000	0.841556
-0.422000	0.842314
-0.421000	0.843070
-0.420000	0.843824
-0.419000	0.844576
-0.418000	0.845326
-0.417000	0.846074
-0.416000	0.846821
-0.415000	0.847565
-0.414000	0.848308
-0.413000	0.849049
-0.412000	0.849788
-0.411000	0.850525
-0.410000	0.851260
-0.409000	0.851993
-0.408000	0.852725
-0.407000	0.853454
-0.406000	0.854182
-0.405000	0.854908
-0.404000	0.855631
-0.403000	0.856353
-0.402000	0.857073
-0.401000	0.857792
-0.400000	0.858508
-0.399000	0.859223
-0.398000	0.859935
-0.397000	0.860646
-0.396000	0.861355
-0.395000	0.862062
-0.394000	0.862767
-0.393000	0.863470
-0.392000	0.864172
-0.391000	0.864871
-0.390000	0.865569
-0.389000	0.866265
-0.388000	0.866958
-0.387000	0.867650
-0.386000	0.868341
-0.385000	0.869029
-0.384000	0.869715
-0.383000	0.870400
-0.382000	0.871083
-0.381000	0.871764
-0.380000	0.872443
-0.379000	0.873120
-0.378000	0.873795
-0.377000	0.874469
-0.376000	0.875140
-0.375000	0.875810
-0.374000	0.876478
-0.373000	0.877144
-0.372000	0.877808
-0.371000	0.878470
-0.370000	0.879131
-0.369000	0.879789
-0.368000	0.880446
-0.367000	0.881101
-0.366000	0.881754
-0.365000	0.882405
-0.364000	0.883055
-0.363000	0.883702
-0.362000	0.884348
-0.361000	0.884992
-0.360000	0.885633
-0.359000	0.886274
-0.358000	0.886912
-0.357000	0.887548
-0.356000	0.888183
-0.355000	0.888816
-0.354000	0.889446
-0.353000	0.890075
-0.352000	0.890703
-0.351000	0.891328
-0.350000	0.891951
-0.349000	0.892573
-0.348000	0.893193
-0.347000	0.893811
-0.346000	0.894427
-0.345000	0.895041
-0.344000	0.895654
-0.343000	0.896265
-0.342000	0.896873
-0.341000	0.897480
-0.340000	0.898085
-0.339000	0.898689
-0.338000	0.899290
-0.337000	0.899890
-0.336000	0.900488
-0.335000	0.901084
-0.334000	0.901678
-0.333000	0.902270
-0.332000	0.902860
-0.331000	0.903449
-0.330000	0.904036
-0.329000	0.904621
-0.328000	0.905204
-0.327000	0.905785
-0.326000	0.906365
-0.325000	0.906942
-0.324000	0.907518
-0.323000	0.908092
-0.322000	0.908664
-0.321000	0.909235
-0.320000	0.909803
-0.319000	0.910370
-0.318000	0.910935
-0.317000	0.911498
-0.316000	0.912059
-0.315000	0.912619
-0.314000	0.913176
-0.313000	0.913732
-0.312000	0.914286
-0.311000	0.914838
-0.310000	0.915388
-0.309000	0.915937
-0.308000	0.916483
-0.307000	0.917028
-0.306000	0.917571
-0.305000	0.918113
-0.304000	0.918652
-0.303000	0.919189
-0.302000	0.919725
-0.301000	0.920259
-0.300000	0.920791
-0.299000	0.921322
-0.298000	0.921850
-0.297000	0.922377
-0.296000	0.922902
-0.295000	0.923425
-0.294000	0.923946
-0.293000	0.924465
-0.292000	0.924983
-0.291000	0.925499
-0.290000	0.926013
-0.289000	0.926525
-0.288000	0.927036
-0.287000	0.927544
-0.286000	0.928051
-0.285000	0.928556
-0.284000	0.929059
-0.283000	0.929560
-0.282000	0.930060
-0.281000	0.930558
-0.280000	0.931054
-0.279000	0.931548
-0.278000	0.932040
-0.277000	0.932531
-0.276000	0.933019
-0.275000	0.933506
-0.274000	0.933991
-0.273000	0.934475
-0.272000	0.934956
-0.271000	0.935436
-0.270000	0.935914
-0.269000	0.936390
-0.268000	0.936864
-0.267000	0.937336
-0.266000	0.937807
-0.265000	0.938276
-0.264000	0.938743
-0.263000	0.939208
-0.262000	0.939672
-0.261000	0.940134
-0.260000	0.940594
-0.259000	0.941052
-0.258000	0.941508
-0.257000	0.941962
-0.256000	0.942415
-0.255000	0.942866
-0.254000	0.943315
-0.253000	0.943762
-0.252000	0.944208
-0.251000	0.944652
-0.250000	0.945094
-0.249000	0.945534
-0.248000	0.945972
-0.247000	0.946409
-0.246000	0.946844
-0.245000	0.947277
-0.244000	0.947708
-0.243000	0.948137
-0.242000	0.948565
-0.241000	0.948990
-0.240000	0.949415
-0.239000	0.949837
-0.238000	0.950257
-0.237000	0.950676
-0.236000	0.951093
-0.235000	0.951508
-0.234000	0.951921
-0.233000	0.952333
-0.232000	0.952742
-0.231000	0.953150
-0.230000	0.953556
-0.229000	0.953961
-0.228000	0.954363
-0.227000	0.954764
-0.226000	0.955163
-0.225000	0.955560
-0.224000	0.955956
-0.223000	0.956349
-0.222000	0.956741
-0.221000	0.957131
-0.220000	0.957520
-0.219000	0.957906
-0.218000	0.958291
-0.217000	0.958674
-0.216000	0.959055
-0.215000	0.959434
-0.214000	0.959812
-0.213000	0.960188
-0.212000	0.960562
-0.211000	0.960934
-0.210000	0.961304
-0.209000	0.961673
-0.208000	0.962040
-0.207000	0.962405
-0.206000	0.962768
-0.205000	0.963130
-0.204000	0.963490
-0.203000	0.963848
-0.202000	0.964204
-0.201000	0.964558
-0.200000	0.964911
-0.199000	0.965262
-0.198000	0.965611
-0.197000	0.965959
-0.196000	0.966304
-0.195000	0.966648
-0.194000	0.966990
-0.193000	0.967330
-0.192000	0.967669
-0.191000	0.968005
-0.190000	0.968340
-0.189000	0.968673
-0.188000	0.969005
-0.187000	0.969334
-0.186000	0.969662
-0.185000	0.969988
-0.184000	0.970313
-0.183000	0.970635
-0.182000	0.970956
-0.181000	0.971275
-0.180000	0.971592
-0.179000	0.971907
-0.178000	0.972221
-0.177000	0.972533
-0.176000	0.972843
-0.175000	0.973151
-0.174000	0.973458
-0.173000	0.973763
-0.172000	0.974066
-0.171000	0.974367
-0.170000	0.974666
-0.169000	0.974964
-0.168000	0.975260
-0.167000	0.975554
-0.166000	0.975847
-0.165000	0.976137
-0.164000	0.976426
-0.163000	0.976713
-0.162000	0.976998
-0.161000	0.977282
-0.160000	0.977564
-0.159000	0.977844
-0.158000	0.978122
-0.157000	0.978399
-0.156000	0.978673
-0.155000	0.978946
-0.154000	0.979217
-0.153000	0.979487
-0.152000	0.979755
-0.151000	0.980020
-0.150000	0.980285
-0.149000	0.980547
-0.148000	0.980808
-0.147000	0.981066
-0.146000	0.981323
-0.145000	0.981579
-0.144000	0.981832
-0.143000	0.982084
-0.142000	0.982334
-0.141000	0.982582
-0.140000	0.982829
-0.139000	0.983074
-0.138000	0.983317
-0.137000	0.983558
-0.136000	0.983797
-0.135000	0.984035
-0.134000	0.984271
-0.133000	0.984505
-0.132000	0.984737
-0.131000	0.984968
-0.130000	0.985197
-0.129000	0.985424
-0.128000	0.985649
-0.127000	0.985873
-0.126000	0.986095
-0.125000	0.986315
-0.124000	0.986533
-0.123000	0.986750
-0.122000	0.986964
-0.121000	0.987177
-0.120000	0.987389
-0.119000	0.987598
-0.118000	0.987806
-0.117000	0.988012
-0.116000	0.988216
-0.115000	0.988419
-0.114000	0.988619
-0.113000	0.988818
-0.112000	0.989015
-0.111000	0.989211
-0.110000	0.989404
-0.109000	0.989596
-0.108000	0.989787
-0.107000	0.989975
-0.106000	0.990162
-0.105000	0.990346
-0.104000	0.990530
-0.103000	0.990711
-0.102000	0.990891
-0.101000	0.991068
-0.100000	0.991245
-0.099000	0.991419
-0.098000	0.991591
-0.097000	0.991762
-0.096000	0.991931
-0.095000	0.992099
-0.094000	0.992264
-0.093000	0.992428
-0.092000	0.992590
-0.091000	0.992750
-0.090000	0.992909
-0.089000	0.993066
-0.088000	0.993221
-0.087000	0.993374
-0.086000	0.993526
-0.085000	0.993675
-0.084000	0.993823
-0.083000	0.993970
-0.082000	0.994114
-0.081000	0.994257
-0.080000	0.994398
-0.079000	0.994537
-0.078000	0.994674
-0.077000	0.994810
-0.076000	0.994944
-0.075000	0.995076
-0.074000	0.995207
-0.073000	0.995336
-0.072000	0.995463
-0.071000	0.995588
-0.070000	0.995711
-0.069000	0.995833
-0.068000	0.995953
-0.067000	0.996071
-0.066000	0.996187
-0.065000	0.996302
-0.064000	0.996415
-0.063000	0.996526
-0.062000	0.996636
-0.061000	0.996743
-0.060000	0.996849
-0.059000	0.996953
-0.058000	0.997056
-0.057000	0.997157
-0.056000	0.997255
-0.055000	0.997353
-0.054000	0.997448
-0.053000	0.997542
-0.052000	0.997634
-0.051000	0.997724
-0.050000	0.997812
-0.049000	0.997899
-0.048000	0.997984
-0.047000	0.998067
-0.046000	0.998148
-0.045000	0.998228
-0.044000	0.998306
-0.043000	0.998382
-0.042000	0.998456
-0.041000	0.998529
-0.040000	0.998600
-0.039000	0.998669
-0.038000	0.998736
-0.037000	0.998802
-0.036000	0.998866
-0.035000	0.998928
-0.034000	0.998988
-0.033000	0.999047
-0.032000	0.999104
-0.031000	0.999159
-0.030000	0.999212
-0.029000	0.999264
-0.028000	0.999314
-0.027000	0.999362
-0.026000	0.999408
-0.025000	0.999453
-0.024000	0.999496
-0.023000	0.999537
-0.022000	0.999576
-0.021000	0.999614
-0.020000	0.999650
-0.019000	0.999684
-0.018000	0.999716
-0.017000	0.999747
-0.016000	0.999776
-0.015000	0.999803
-0.014000	0.999828
-0.013000	0.999852
-0.012000	0.999874
-0.011000	0.999894
-0.010000	0.999912
-0.009000	0.999929
-0.008000	0.999944
-0.007000	0.999957
-0.006000	0.999968
-0.005000	0.999978
-0.004000	0.999986
-0.003000	0.999992
-0.002000	0.999996
-0.001000	0.999999
0.000000	1.000000
0.001000	0.999999
0.002000	0.999996
0.003000	0.999992
0.004000	0.999986
0.005000	0.999978
0.006000	0.999968
0.007000	0.999957
0.008000	0.999944
0.009000	0.999929
0.010000	0.999912
0.011000	0.999894
0.012000	0.999874
0.013000	0.999852
0.014000	0.999828
0.015000	0.999803
0.016000	0.999776
0.017000	0.999747
0.018000	0.999716
0.019000	0.999684
0.020000	0.999650
0.021000	0.999614
0.022000	0.999576
0.023000	0.999537
0.024000	0.999496
0.025000	0.999453
0.026000	0.999408
0.027000	0.999362
0.028000	0.999314
0.029000	0.999264
0.030000	0.999212
0.031000	0.999159
0.032000	0.999104
0.033000	0.999047
0.034000	0.998988
0.035000	0.998928
0.036000	0.998866
0.037000	0.998802
0.038000	0.998736
0.039000	0.998669
0.040000	0.998600
0.041000	0.998529
0.042000	0.998456
0.043000	0.998382
0.044000	0.998306
0.045000	0.998228
0.046000	0.998148
0.047000	0.998067
0.048000	0.997984
0.049000	0.997899
0.050000	0.997812
0.051000	0.997724
0.052000	0.997634
0.053000	0.997542
0.054000	0.997448
0.055000	0.997353
0.056000	0.997255
0.057000	0.997157
0.058000	0.997056
0.059000	0.996953
0.060000	0.996849
0.061000	0.996743
0.062000	0.996636
0.063000	0.996526
0.064000	0.996415
0.065000	0.996302
0.066000	0.996187
0.067000	0.996071
0.068000	0.995953
0.069000	0.995833
0.070000	0.995711
0.071000	0.995588
0.072000	0.995463
0.073000	0.995336
0.074000	0.995207
0.075000	0.995076
0.076000	0.994944
0.077000	0.994810
0.078000	0.994674
0.079000	0.994537
0.080000	0.994398
0.081000	0.994257
0.082000	0.994114
0.083000	0.993970
0.084000	0.993823
0.085000	0.993675
0.086000	0.993526
0.087000	0.993374
0.088000	0.993221
0.089000	0.993066
0.090000	0.992909
0.091000	0.992750
0.092000	0.992590
0.093000	0.992428
0.094000	0.992264
0.095000	0.992099
0.096000	0.991931
0.097000	0.991762
0.098000	0.991591
0.099000	0.991419
0.100000	0.991245
0.101000	0.991068
0.102000	0.990891
0.103000	0.990711
0.104000	0.990530
0.105000	0.990346
0.106000	0.990162
0.107000	0.989975
0.108000	0.989787
0.109000	0.989596
0.110000	0.989404
0.111000	0.989211
0.112000	0.989015
0.113000	0.988818
0.114000	0.988619
0.115000	0.988419
0.116000	0.988216
0.117000	0.988012
0.118000	0.987806
0.119000	0.987598
0.120000	0.987389
0.121000	0.987177
0.122000	0.986964
0.123000	0.986750
0.124000	0.986533
0.125000	0.986315
0.126000	0.986095
0.127000	0.985873
0.128000	0.985649
0.129000	0.985424
0.130000	0.985197
0.131000	0.984968
0.132000	0.984737
0.133000	0.984505
0.134000	0.984271
0.135000	0.984035
0.136000	0.983797
0.137000	0.983558
0.138000	0.983317
0.139000	0.983074
0.140000	0.982829
0.141000	0.982582
0.142000	0.982334
0.143000	0.982084
0.144000	0.981832
0.145000	0.981579
0.146000	0.981323
0.147000	0.981066
0.148000	0.980808
0.149000	0.980547
0.150000	0.980285
0.151000	0.980020
0.152000	0.979755
0.153000	0.979487
0.154000	0.979217
0.155000	0.978946
0.156000	0.978673
0.157000	0.978399
0.158000	0.978122
0.159000	0.977844
0.160000	0.977564
0.161000	0.977282
0.162000	0.976998
0.163000	0.976713
0.164000	0.976426
0.165000	0.976137
0.166000	0.975847
0.167000	0.975554
0.168000	0.975260
0.169000	0.974964
0.170000	0.974666
0.171000	0.974367
0.172000	0.974066
0.173000	0.973763
0.174000	0.973458
0.175000	0.973151
0.176000	0.972843
0.177000	0.972533
0.178000	0.972221
0.179000	0.971907
0.180000	0.971592
0.181000	0.971275
0.182000	0.970956
0.183000	0.970635
0.184000	0.970313
0.185000	0.969988
0.186000	0.969662
0.187000	0.969334
0.188000	0.969005
0.189000	0.968673
0.190000	0.968340
0.191000	0.968005
0.192000	0.967669
0.193000	0.967330
0.194000	0.966990
0.195000	0.966648
0.196000	0.966304
0.197000	0.965959
0.198000	0.965611
0.199000	0.965262
0.200000	0.964911
0.201000	0.964558
0.202000	0.964204
0.203000	0.963848
0.204000	0.963490
0.205000	0.963130
0.206000	0.962768
0.207000	0.962405
0.208000	0.962040
0.209000	0.961673
0.210000	0.961304
0.211000	0.960934
0.212000	0.960562
0.213000	0.960188
0.214000	0.959812
0.215000	0.959434
0.216000	0.959055
0.217000	0.958674
0.218000	0.958291
0.219000	0.957906
0.220000	0.957520
0.221000	0.957131
0.222000	0.956741
0.223000	0.956349
0.224000	0.955956
0.225000	0.955560
0.226000	0.955163
0.227000	0.954764
0.228000	0.954363
0.229000	0.953961
0.230000	0.953556
0.231000	0.953150
0.232000	0.952742
0.233000	0.952333
0.234000	0.951921
0.235000	0.951508
0.236000	0.951093
0.237000	0.950676
0.238000	0.950257
0.239000	0.949837
0.240000	0.949415
0.241000	0.948990
0.242000	0.948565
0.243000	0.948137
0.244000	0.947708
0.245000	0.947277
0.246000	0.946844
0.247000	0.946409
0.248000	0.945972
0.249000	0.945534
0.250000	0.945094
0.251000	0.944652
0.252000	0.944208
0.253000	0.943762
0.254000	0.943315
0.255000	0.942866
0.256000	0.942415
0.257000	0.941962
0.258000	0.941508
0.259000	0.941052
0.260000	0.940594
0.261000	0.940134
0.262000	0.939672
0.263000	0.939208
0.264000	0.938743
0.265000	0.938276
0.266000	0.937807
0.267000	0.937336
0.268000	0.936864
0.269000	0.936390
0.270000	0.935914
0.271000	0.935436
0.272000	0.934956
0.273000	0.934475
0.274000	0.933991
0.275000	0.933506
0.276000	0.933019
0.277000	0.932531
0.278000	0.932040
0.279000	0.931548
0.280000	0.931054
0.281000	0.930558
0.282000	0.930060
0.283000	0.929560
0.284000	0.929059
0.285000	0.928556
0.286000	0.928051
0.287000	0.927544
0.288000	0.927036
0.289000	0.926525
0.290000	0.926013
0.291000	0.925499
0.292000	0.924983
0.293000	0.924465
0.294000	0.923946
0.295000	0.923425
0.296000	0.922902
0.297000	0.922377
0.298000	0.921850
0.299000	0.921322
0.300000	0.920791
0.301000	0.920259
0.302000	0.919725
0.303000	0.919189
0.304000	0.918652
0.305000	0.918113
0.306000	0.917571
0.307000	0.917028
0.308000	0.916483
0.309000	0.915937
0.310000	0.915388
0.311000	0.914838
0.312000	0.914286
0.313000	0.913732
0.314000	0.913176
0.315000	0.912619
0.316000	0.912059
0.317000	0.911498
0.318000	0.910935
0.319000	0.910370
0.320000	0.909803
0.321000	0.909235
0.322000	0.908664
0.323000	0.908092
0.324000	0.907518
0.325000	0.906942
0.326000	0.906365
0.327000	0.905785
0.328000	0.905204
0.329000	0.904621
0.330000	0.904036
0.331000	0.903449
0.332000	0.902860
0.333000	0.902270
0.334000	0.901678
0.335000	0.901084
0.336000	0.900488
0.337000	0.899890
0.338000	0.899290
0.339000	0.898689
0.340000	0.898085
0.341000	0.897480
0.342000	0.896873
0.343000	0.896265
0.344000	0.895654
0.345000	0.895041
0.346000	0.894427
0.347000	0.893811
0.348000	0.893193
0.349000	0.892573
0.350000	0.891951
0.351000	0.891328
0.352000	0.890703
0.353000	0.890075
0.354000	0.889446
0.355000	0.888816
0.356000	0.888183
0.357000	0.887548
0.358000	0.886912
0.359000	0.886274
0.360000	0.885633
0.361000	0.884992
0.362000	0.884348
0.363000	0.883702
0.364000	0.883055
0.365000	0.882405
0.366000	0.881754
0.367000	0.881101
0.368000	0.880446
0.369000	0.879789
0.370000	0.879131
0.371000	0.878470
0.372000	0.877808
0.373000	0.877144
0.374000	0.876478
0.375000	0.875810
0.376000	0.875140
0.377000	0.874469
0.378000	0.873795
0.379000	0.873120
0.380000	0.872443
0.381000	0.871764
0.382000	0.871083
0.383000	0.870400
0.384000	0.869715
0.385000	0.869029
0.386000	0.868341
0.387000	0.867650
0.388000	0.866958
0.389000	0.866265
0.390000	0.865569
0.391000	0.864871
0.392000	0.864172
0.393000	0.863470
0.394000	0.862767
0.395000	0.862062
0.396000	0.861355
0.397000	0.860646
0.398000	0.859935
0.399000	0.859223
0.400000	0.858508
0.401000	0.857792
0.402000	0.857073
0.403000	0.856353
0.404000	0.855631
0.405000	0.854908
0.406000	0.854182
0.407000	0.853454
0.408000	0.852725
0.409000	0.851993
0.410000	0.851260
0.411000	0.850525
0.412000	0.849788
0.413000	0.849049
0.414000	0.848308
0.415000	0.847565
0.416000	0.846821
0.417000	0.846074
0.418000	0.845326
0.419000	0.844576
0.420000	0.843824
0.421000	0.843070
0.422000	0.842314
0.423000	0.841556
0.424000	0.840797
0.425000	0.840035
0.426000	0.839272
0.427000	0.838506
0.428000	0.837739
0.429000	0.836970
0.430000	0.836199
0.431000	0.835426
0.432000	0.834651
0.433000	0.833874
0.434000	0.833096
0.435000	0.832315
0.436000	0.831533
0.437000	0.830748
0.438000	0.829962
0.439000	0.829174
0.440000	0.828384
0.441000	0.827592
0.442000	0.826798
0.443000	0.826002
0.444000	0.825205
0.445000	0.824405
0.446000	0.823604
0.447000	0.822800
0.448000	0.821995
0.449000	0.821188
0.450000	0.820379
0.451000	0.819568
0.452000	0.818755
0.453000	0.817940
0.454000	0.817123
0.455000	0.816304
0.456000	0.815484
0.457000	0.814661
0.458000	0.813837
0.459000	0.813010
0.460000	0.812182
0.461000	0.811352
0.462000	0.810519
0.463000	0.809685
0.464000	0.808849
0.465000	0.808011
0.466000	0.807172
0.467000	0.806330
0.468000	0.805486
0.469000	0.804640
0.470000	0.803793
0.471000	0.802943
0.472000	0.802092
0.473000	0.801238
0.474000	0.800383
0.475000	0.799526
0.476000	0.798666
0.477000	0.797805
0.478000	0.796942
0.479000	0.796077
0.480000	0.795210
0.481000	0.794341
0.482000	0.793470
0.483000	0.792598
0.484000	0.791723
0.485000	0.790846
0.486000	0.789967
0.487000	0.789087
0.488000	0.788204
0.489000	0.787320
0.490000	0.786433
0.491000	0.785545
0.492000	0.784654
0.493000	0.783762
0.494000	0.782868
0.495000	0.781972
0.496000	0.781073
0.497000	0.780173
0.498000	0.779271
0.499000	0.778367
0.500000	0.777461
0.501000	0.776553
0.502000	0.775643
0.503000	0.774731
0.504000	0.773817
0.505000	0.772901
0.506000	0.771983
0.507000	0.771064
0.508000	0.770142
0.509000	0.769218
0.510000	0.768292
0.511000	0.767364
0.512000	0.766435
0.513000	0.765503
0.514000	0.764569
0.515000	0.763634
0.516000	0.762696
0.517000	0.761756
0.518000	0.760815
0.519000	0.759871
0.520000	0.758926
0.521000	0.757978
0.522000	0.757029
0.523000	0.756077
0.524000	0.755123
0.525000	0.754168
0.526000	0.753210
0.527000	0.752251
0.528000	0.751289
0.529000	0.750326
0.530000	0.749360
0.531000	0.748393
0.532000	0.747423
0.533000	0.746452
0.534000	0.745478
0.535000	0.744503
0.536000	0.743525
0.537000	0.742545
0.538000	0.741564
0.539000	0.740580
0.540000	0.739595
0.541000	0.738607
0.542000	0.737617
0.543000	0.736626
0.544000	0.735632
0.545000	0.734636
0.546000	0.733639
0.547000	0.732639
0.548000	0.731637
0.549000	0.730633
0.550000	0.729627
0.551000	0.728620
0.552000	0.727610
0.553000	0.726598
0.554000	0.725584
0.555000	0.724568
0.556000	0.723550
0.557000	0.722530
0.558000	0.721508
0.559000	0.720484
0.560000	0.719457
0.561000	0.718429
0.562000	0.717399
0.563000	0.716367
0.564000	0.715332
0.565000	0.714296
0.566000	0.713257
0.567000	0.712217
0.568000	0.711174
0.569000	0.710130
0.570000	0.709083
0.571000	0.708034
0.572000	0.706983
0.573000	0.705931
0.574000	0.704876
0.575000	0.703819
0.576000	0.702760
0.577000	0.701699
0.578000	0.700635
0.579000	0.699570
0.580000	0.698503
0.581000	0.697433
0.582000	0.696362
0.583000	0.695288
0.584000	0.694213
0.585000	0.693135
0.586000	0.692055
0.587000	0.690973
0.588000	0.689889
0.589000	0.688803
0.590000	0.687715
0.591000	0.686625
0.592000	0.685532
0.593000	0.684438
0.594000	0.683341
0.595000	0.682242
0.596000	0.681142
0.597000	0.680039
0.598000	0.678934
0.599000	0.677827
0.600000	0.676718
0.601000	0.675606
0.602000	0.674493
0.603000	0.673377
0.604000	0.672260
0.605000	0.671140
0.606000	0.670018
0.607000	0.668894
0.608000	0.667768
0.609000	0.666640
0.610000	0.665509
0.611000	0.664377
0.612000	0.663242
0.613000	0.662105
0.614000	0.660967
0.615000	0.659826
0.616000	0.658682
0.617000	0.657537
0.618000	0.656390
0.619000	0.655240
0.620000	0.654088
0.621000	0.652934
0.622000	0.651778
0.623000	0.650620
0.624000	0.649460
0.625000	0.648297
0.626000	0.647132
0.627000	0.645966
0.628000	0.644797
0.629000	0.643625
0.630000	0.642452
0.631000	0.641276
0.632000	0.640099
0.633000	0.638919
0.634000	0.637737
0.635000	0.636553
0.636000	0.635366
0.637000	0.634178
0.638000	0.632987
0.639000	0.631794
0.640000	0.630599
0.641000	0.629401
0.642000	0.628202
0.643000	0.627000
0.644000	0.625796
0.645000	0.624590
0.646000	0.623382
0.647000	0.622171
0.648000	0.620958
0.649000	0.619743
0.650000	0.618526
0.651000	0.617307
0.652000	0.616085
0.653000	0.614861
0.654000	0.613635
0.655000	0.612407
0.656000	0.611176
0.657000	0.609943
0.658000	0.608708
0.659000	0.607471
0.660000	0.606232
0.661000	0.604990
0.662000	0.603746
0.663000	0.602500
0.664000	0.601251
0.665000	0.600001
0.666000	0.598748
0.667000	0.597492
0.668000	0.596235
0.669000	0.594975
0.670000	0.593713
0.671000	0.592449
0.672000	0.591182
0.673000	0.589913
0.674000	0.588642
0.675000	0.587369
0.676000	0.586093
0.677000	0.584815
0.678000	0.583535
0.679000	0.582252
0.680000	0.580968
0.681000	0.579680
0.682000	0.578391
0.683000	0.577099
0.684000	0.575805
0.685000	0.574509
0.686000	0.573210
0.687000	0.571909
0.688000	0.570606
0.689000	0.569300
0.690000	0.567992
0.691000	0.566682
0.692000	0.565369
0.693000	0.564054
0.694000	0.562737
0.695000	0.561417
0.696000	0.560095
0.697000	0.558771
0.698000	0.557444
0.699000	0.556115
0.700000	0.554784
0.701000	0.553450
0.702000	0.552114
0.703000	0.550776
0.704000	0.549435
0.705000	0.548092
0.706000	0.546746
0.707000	0.545398
0.708000	0.544048
0.709000	0.542695
0.710000	0.541340
0.711000	0.539982
0.712000	0.538622
0.713000	0.537260
0.714000	0.535895
0.715000	0.534528
0.716000	0.533158
0.717000	0.531786
0.718000	0.530412
0.719000	0.529035
0.720000	0.527656
0.721000	0.526274
0.722000	0.524890
0.723000	0.523503
0.724000	0.522114
0.725000	0.520723
0.726000	0.519329
0.727000	0.517932
0.728000	0.516534
0.729000	0.515132
0.730000	0.513728
0.731000	0.512322
0.732000	0.510913
0.733000	0.509502
0.734000	0.508089
0.735000	0.506672
0.736000	0.505254
0.737000	0.503832
0.738000	0.502409
0.739000	0.500983
0.740000	0.499554
0.741000	0.498123
0.742000	0.496689
0.743000	0.495253
0.744000	0.493814
0.745000	0.492372
0.746000	0.490928
0.747000	0.489482
0.748000	0.488033
0.749000	0.486581
0.750000	0.485127
0.751000	0.483671
0.752000	0.482211
0.753000	0.480750
0.754000	0.479285
0.755000	0.477818
0.756000	0.476349
0.757000	0.474877
0.758000	0.473402
0.759000	0.471924
0.760000	0.470445
0.761000	0.468962
0.762000	0.467477
0.763000	0.465989
0.764000	0.464498
0.765000	0.463005
0.766000	0.461510
0.767000	0.460011
0.768000	0.458510
0.769000	0.457006
0.770000	0.455500
0.771000	0.453991
0.772000	0.452479
0.773000	0.450965
0.774000	0.449448
0.775000	0.447928
0.776000	0.446406
0.777000	0.444880
0.778000	0.443352
0.779000	0.441822
0.780000	0.440289
0.781000	0.438752
0.782000	0.437214
0.783000	0.435672
0.784000	0.434128
0.785000	0.432581
0.786000	0.431031
0.787000	0.429478
0.788000	0.427923
0.789000	0.426365
0.790000	0.424804
0.791000	0.423240
0.792000	0.421673
0.793000	0.420104
0.794000	0.418532
0.795000	0.416957
0.796000	0.415379
0.797000	0.413798
0.798000	0.412215
0.799000	0.410628
0.800000	0.409039
0.801000	0.407447
0.802000	0.405852
0.803000	0.404254
0.804000	0.402653
0.805000	0.401049
0.806000	0.399443
0.807000	0.397833
0.808000	0.396221
0.809000	0.394605
0.810000	0.392987
0.811000	0.391366
0.812000	0.389741
0.813000	0.388114
0.814000	0.386484
0.815000	0.384851
0.816000	0.383215
0.817000	0.381575
0.818000	0.379933
0.819000	0.378288
0.820000	0.376640
0.821000	0.374988
0.822000	0.373334
0.823000	0.371676
0.824000	0.370016
0.825000	0.368352
0.826000	0.366686
0.827000	0.365016
0.828000	0.363343
0.829000	0.361667
0.830000	0.359988
0.831000	0.358305
0.832000	0.356620
0.833000	0.354931
0.834000	0.353239
0.835000	0.351544
0.836000	0.349846
0.837000	0.348145
0.838000	0.346440
0.839000	0.344732
0.840000	0.343021
0.841000	0.341306
0.842000	0.339589
0.843000	0.337868
0.844000	0.336144
0.845000	0.334416
0.846000	0.332685
0.847000	0.330951
0.848000	0.329213
0.849000	0.327472
0.850000	0.325728
0.851000	0.323980
0.852000	0.322229
0.853000	0.320475
0.854000	0.318717
0.855000	0.316955
0.856000	0.315190
0.857000	0.313422
0.858000	0.311650
0.859000	0.309875
0.860000	0.308096
0.861000	0.306313
0.862000	0.304527
0.863000	0.302738
0.864000	0.300945
0.865000	0.299148
0.866000	0.297348
0.867000	0.295544
0.868000	0.293736
0.869000	0.291924
0.870000	0.290109
0.871000	0.288291
0.872000	0.286468
0.873000	0.284642
0.874000	0.282812
0.875000	0.280978
0.876000	0.279140
0.877000	0.277299
0.878000	0.275454
0.879000	0.273604
0.880000	0.271751
0.881000	0.269894
0.882000	0.268033
0.883000	0.266169
0.884000	0.264300
0.885000	0.262427
0.886000	0.260550
0.887000	0.258669
0.888000	0.256784
0.889000	0.254895
0.890000	0.253001
0.891000	0.251104
0.892000	0.249202
0.893000	0.247296
0.894000	0.245386
0.895000	0.243472
0.896000	0.241553
0.897000	0.239630
0.898000	0.237703
0.899000	0.235771
0.900000	0.233835
0.901000	0.231894
0.902000	0.229949
0.903000	0.228000
0.904000	0.226046
0.905000	0.224087
0.906000	0.222123
0.907000	0.220155
0.908000	0.218183
0.909000	0.216205
0.910000	0.214223
0.911000	0.212236
0.912000	0.210244
0.913000	0.208248
0.914000	0.206246
0.915000	0.204239
0.916000	0.202228
0.917000	0.200211
0.918000	0.198189
0.919000	0.196162
0.920000	0.194130
0.921000	0.192092
0.922000	0.190050
0.923000	0.188001
0.924000	0.185948
0.925000	0.183889
0.926000	0.181824
0.927000	0.179754
0.928000	0.177678
0.929000	0.175597
0.930000	0.173510
0.931000	0.171416
0.932000	0.169317
0.933000	0.167212
0.934000	0.165101
0.935000	0.162984
0.936000	0.160861
0.937000	0.158731
0.938000	0.156595
0.939000	0.154452
0.940000	0.152303
0.941000	0.150147
0.942000	0.147985
0.943000	0.145816
0.944000	0.143639
0.945000	0.141456
0.946000	0.139266
0.947000	0.137068
0.948000	0.134863
0.949000	0.132651
0.950000	0.130430
0.951000	0.128203
0.952000	0.125967
0.953000	0.123723
0.954000	0.121471
0.955000	0.119210
0.956000	0.116942
0.957000	0.114664
0.958000	0.112377
0.959000	0.110082
0.960000	0.107777
0.961000	0.105463
0.962000	0.103139
0.963000	0.100805
0.964000	0.098461
0.965000	0.096106
0.966000	0.093741
0.967000	0.091365
0.968000	0.088977
0.969000	0.086578
0.970000	0.084166
0.971000	0.081743
0.972000	0.079306
0.973000	0.076856
0.974000	0.074393
0.975000	0.071915
0.976000	0.069422
0.977000	0.066914
0.978000	0.064390
0.979000	0.061849
0.980000	0.059290
0.981000	0.056713
0.982000	0.054116
0.983000	0.051499
0.984000	0.048860
0.985000	0.046198
0.986000	0.043510
0.987000	0.040797
0.988000	0.038054
0.989000	0.035280
0.990000	0.032471
0.991000	0.029624
0.992000	0.026735
0.993000	0.023797
0.994000	0.020804
0.995000	0.017744
0.996000	0.014603
0.997000	0.011358
0.998000	0.007969
0.999000	0.004347
1.000000	0.000000
1.001000	0.000000
1.002000	0.000000
1.003000	0.000000
1.004000	0.000000
1.005000	0.000000
1.006000	0.000000
1.007000	0.000000
1.008000	0.000000
1.009000	0.000000
1.010000	0.000000
1.011000	0.000000
1.012000	0.000000
1.013000	0.000000
1.014000	0.000000
1.015000	0.000000
1.016000	0.000000
1.017000	0.000000
1.018000	0.000000
1.019000	0.000000
1.020000	0.000000
1.021000	0.000000
1.022000	0.000000
1.023000	0.000000
1.024000	0.000000
1.025000	0.000000
1.026000	0.000000
1.027000	0.000000
1.028000	0.000000
1.029000	0.000000
1.030000	0.000000
1.031000	0.000000
1.032000	0.000000
1.033000	0.000000
1.034000	0.000000
1.035000	0.000000
1.036000	0.000000
1.037000	0.000000
1.038000	0.000000
1.039000	0.000000
1.040000	0.000000
1.041000	0.000000
1.042000	0.000000
1.043000	0.000000
1.044000	0.000000
1.045000	0.000000
1.046000	0.000000
1.047000	0.000000
1.048000	0.000000
1.049000	0.000000
1.050000	0.000000
1.051000	0.000000
1.052000	0.000000
1.053000	0.000000
1.054000	0.000000
1.055000	0.000000
1.056000	0.000000
1.057000	0.000000
1.058000	0.000000
1.059000	0.000000
1.060000	0.000000
1.061000	0.000000
1.062000	0.000000
1.063000	0.000000
1.064000	0.000000
1.065000	0.000000
1.066000	0.000000
1.067000	0.000000
1.068000	0.000000
1.069000	0.000000
1.070000	0.000000
1.071000	0.000000
1.072000	0.000000
1.073000	0.000000
1.074000	0.000000
1.075000	0.000000
1.076000	0.000000
1.077000	0.000000
1.078000	0.000000
1.079000	0.000000
1.080000	0.000000
1.081000	0.000000
1.082000	0.000000
1.083000	0.000000
1.084000	0.000000
1.085000	0.000000
1.086000	0.000000
1.087000	0.000000
1.088000	0.000000
1.089000	0.000000
1.090000	0.000000
1.091000	0.000000
1.092000	0.000000
1.093000	0.000000
1.094000	0.000000
1.095000	0.000000
1.096000	0.000000
1.097000	0.000000
1.098000	0.000000
1.099000	0.000000
1.100000	0.000000
1.101000	0.000000
1.102000	0.000000
1.103000	0.000000
1.104000	0.000000
1.105000	0.000000
1.106000	0.000000
1.107000	0.000000
1.108000	0.000000
1.109000	0.000000
1.110000	0.000000
1.111000	0.000000
1.112000	0.000000
1.113000	0.000000
1.114000	0.000000
1.115000	0.000000
1.116000	0.000000
1.117000	0.000000
1.118000	0.000000
1.119000	0.000000
1.120000	0.000000
1.121000	0.000000
1.122000	0.000000
1.123000	0.000000
1.124000	0.000000
1.125000	0.000000
1.126000	0.000000
1.127000	0.000000
1.128000	0.000000
1.129000	0.000000
1.130000	0.000000
1.131000	0.000000
1.132000	0.000000
1.133000	0.000000
1.134000	0.000000
1.135000	0.000000
1.136000	0.000000
1.137000	0.000000
1.138000	0.000000
1.139000	0.000000
1.140000	0.000000
1.141000	0.000000
1.142000	0.000000
1.143000	0.000000
1.144000	0.000000
1.145000	0.000000
1.146000	0.000000
1.147000	0.000000
1.148000	0.000000
1.149000	0.000000
1.150000	0.000000
1.151000	0.000000
1.152000	0.000000
1.153000	0.000000
1.154000	0.000000
1.155000	0.000000
1.156000	0.000000
1.157000	0.000000
1.158000	0.000000
1.159000	0.000000
1.160000	0.000000
1.161000	0.000000
1.162000	0.000000
1.163000	0.000000
1.164000	0.000000
1.165000	0.000000
1.166000	0.000000
1.167000	0.000000
1.168000	0.000000
1.169000	0.000000
1.170000	0.000000
1.171000	0.000000
1.172000	0.000000
1.173000	0.000000
1.174000	0.000000
1.175000	0.000000
1.176000	0.000000
1.177000	0.000000
1.178000	0.000000
1.179000	0.000000
1.180000	0.000000
1.181000	0.000000
1.182000	0.000000
1.183000	0.000000
1.184000	0.000000
1.185000	0.000000
1.186000	0.000000
1.187000	0.000000
1.188000	0.000000
1.189000	0.000000
1.190000	0.000000
1.191000	0.000000
1.192000	0.000000
1.193000	0.000000
1.194000	0.000000
1.195000	0.000000
1.196000	0.000000
1.197000	0.000000
1.198000	0.000000
1.199000	0.000000
1.200000	0.000000
1.201000	0.000000
1.202000	0.000000
1.203000	0.000000
1.204000	0.000000
1.205000	0.000000
1.206000	0.000000
1.207000	0.000000
1.208000	0.000000
1.209000	0.000000
1.210000	0.000000
1.211000	0.000000
1.212000	0.000000
1.213000	0.000000
1.214000	0.000000
1.215000	0.000000
1.216000	0.000000
1.217000	0.000000
1.218000	0.000000
1.219000	0.000000
1.220000	0.000000
1.221000	0.000000
1.222000	0.000000
1.223000	0.000000
1.224000	0.000000
1.225000	0.000000
1.226000	0.000000
1.227000	0.000000
1.228000	0.000000
1.229000	0.000000
1.230000	0.000000
1.231000	0.000000
1.232000	0.000000
1.233000	0.000000
1.234000	0.000000
1.235000	0.000000
1.236000	0.000000
1.237000	0.000000
1.238000	0.000000
1.239000	0.000000
1.240000	0.000000
1.241000	0.000000
1.242000	0.000000
1.243000	0.000000
1.244000	0.000000
1.245000	0.000000
1.246000	0.000000
1.247000	0.000000
1.248000	0.000000
1.249000	0.000000
1.250000	0.000000
1.251000	0.000000
1.252000	0.000000
1.253000	0.000000
1.254000	0.000000
1.255000	0.000000
1.256000	0.000000
1.257000	0.000000
1.258000	0.000000
1.259000	0.000000
1.260000	0.000000
1.261000	0.000000
1.262000	0.000000
1.263000	0.000000
1.264000	0.000000
1.265000	0.000000
1.266000	0.000000
1.267000	0.000000
1.268000	0.000000
1.269000	0.000000
1.270000	0.000000
1.271000	0.000000
1.272000	0.000000
1.273000	0.000000
1.274000	0.000000
1.275000	0.000000
1.276000	0.000000
1.277000	0.000000
1.278000	0.000000
1.279000	0.000000
1.280000	0.000000
1.281000	0.000000
1.282000	0.000000
1.283000	0.000000
1.284000	0.000000
1.285000	0.000000
1.286000	0.000000
1.287000	0.000000
1.288000	0.000000
1.289000	0.000000
1.290000	0.000000
1.291000	0.000000
1.292000	0.000000
1.293000	0.000000
1.294000	0.000000
1.295000	0.000000
1.296000	0.000000
1.297000	0.000000
1.298000	0.000000
1.299000	0.000000
1.300000	0.000000
1.301000	0.000000
1.302000	0.000000
1.303000	0.000000
1.304000	0.000000
1.305000	0.000000
1.306000	0.000000
1.307000	0.000000
1.308000	0.000000
1.309000	0.000000
1.310000	0.000000
1.311000	0.000000
1.312000	0.000000
1.313000	0.000000
1.314000	0.000000
1.315000	0.000000
1.316000	0.000000
1.317000	0.000000
1.318000	0.000000
1.319000	0.000000
1.320000	0.000000
1.321000	0.000000
1.322000	0.000000
1.323000	0.000000
1.324000	0.000000
1.325000	0.000000
1.326000	0.000000
1.327000	0.000000
1.328000	0.000000
1.329000	0.000000
1.330000	0.000000
1.331000	0.000000
1.332000	0.000000
1.333000	0.000000
1.334000	0.000000
1.335000	0.000000
1.336000	0.000000
1.337000	0.000000
1.338000	0.000000
1.339000	0.000000
1.340000	0.000000
1.341000	0.000000
1.342000	0.000000
1.343000	0.000000
1.344000	0.000000
1.345000	0.000000
1.346000	0.000000
1.347000	0.000000
1.348000	0.000000
1.349000	0.000000
1.350000	0.000000
1.351000	0.000000
1.352000	0.000000
1.353000	0.000000
1.354000	0.000000
1.355000	0.000000
1.356000	0.000000
1.357000	0.000000
1.358000	0.000000
1.359000	0.000000
1.360000	0.000000
1.361000	0.000000
1.362000	0.000000
1.363000	0.000000
1.364000	0.000000
1.365000	0.000000
1.366000	0.000000
1.367000	0.000000
1.368000	0.000000
1.369000	0.000000
1.370000	0.000000
1.371000	0.000000
1.372000	0.000000
1.373000	0.000000
1.374000	0.000000
1.375000	0.000000
1.376000	0.000000
1.377000	0.000000
1.378000	0.000000
1.379000	0.000000
1.380000	0.000000
1.381000	0.000000
1.382000	0.000000
1.383000	0.000000
1.384000	0.000000
1.385000	0.000000
1.386000	0.000000
1.387000	0.000000
1.388000	0.000000
1.389000	0.000000
1.390000	0.000000
1.391000	0.000000
1.392000	0.000000
1.393000	0.000000
1.394000	0.000000
1.395000	0.000000
1.396000	0.000000
1.397000	0.000000
1.398000	0.000000
1.399000	0.000000
1.400000	0.000000
1.401000	0.000000
1.402000	0.000000
1.403000	0.000000
1.404000	0.000000
1.405000	0.000000
1.406000	0.000000
1.407000	0.000000
1.408000	0.000000
1.409000	0.000000
1.410000	0.000000
1.411000	0.000000
1.412000	0.000000
1.413000	0.000000
1.414000	0.000000
1.415000	0.000000
1.416000	0.000000
1.417000	0.000000
1.418000	0.000000
1.419000	0.000000
1.420000	0.000000
1.421000	0.000000
1.422000	0.000000
1.423000	0.000000
1.424000	0.000000
1.425000	0.000000
1.426000	0.000000
1.427000	0.000000
1.428000	0.000000
1.429000	0.000000
1.430000	0.000000
1.431000	0.000000
1.432000	0.000000
1.433000	0.000000
1.434000	0.000000
1.435000	0.000000
1.436000	0.000000
1.437000	0.000000
1.438000	0.000000
1.439000	0.000000
1.440000	0.000000
1.441000	0.000000
1.442000	0.000000
1.443000	0.000000
1.444000	0.000000
1.445000	0.000000
1.446000	0.000000
1.447000	0.000000
1.448000	0.000000
1.449000	0.000000
1.450000	0.000000
1.451000	0.000000
1.452000	0.000000
1.453000	0.000000
1.454000	0.000000
1.455000	0.000000
1.456000	0.000000
1.457000	0.000000
1.458000	0.000000
1.459000	0.000000
1.460000	0.000000
1.461000	0.000000
1.462000	0.000000
1.463000	0.000000
1.464000	0.000000
1.465000	0.000000
1.466000	0.000000
1.467000	0.000000
1.468000	0.000000
1.469000	0.000000
1.470000	0.000000
1.471000	0.000000
1.472000	0.000000
1.473000	0.000000
1.474000	0.000000
1.475000	0.000000
1.476000	0.000000
1.477000	0.000000
1.478000	0.000000
1.479000	0.000000
1.480000	0.000000
1.481000	0.000000
1.482000	0.000000
1.483000	0.000000
1.484000	0.000000
1.485000	0.000000
1.486000	0.000000
1.487000	0.000000
1.488000	0.000000
1.489000	0.000000
1.490000	0.000000
1.491000	0.000000
1.492000	0.000000
1.493000	0.000000
1.494000	0.000000
1.495000	0.000000
1.496000	0.000000
1.497000	0.000000
1.498000	0.000000
1.499000	0.000000
1.500000	0.000000
1.501000	0.000000
1.502000	0.000000
1.503000	0.000000
1.504000	0.000000
1.505000	0.000000
1.506000	0.000000
1.507000	0.000000
1.508000	0.000000
1.509000	0.000000
1.510000	0.000000
1.511000	0.000000
1.512000	0.000000
1.513000	0.000000
1.514000	0.000000
1.515000	0.000000
1.516000	0.000000
1.517000	0.000000
1.518000	0.000000
1.519000	0.000000
1.520000	0.000000
1.521000	0.000000
1.522000	0.000000
1.523000	0.000000
1.524000	0.000000
1.525000	0.000000
1.526000	0.000000
1.527000	0.000000
1.528000	0.000000
1.529000	0.000000
1.530000	0.000000
1.531000	0.000000
1.532000	0.000000
1.533000	0.000000
1.534000	0.000000
1.535000	0.000000
1.536000	0.000000
1.537000	0.000000
1.538000	0.000000
1.539000	0.000000
1.540000	0.000000
1.541000	0.000000
1.542000	0.000000
1.543000	0.000000
1.544000	0.000000
1.545000	0.000000
1.546000	0.000000
1.547000	0.000000
1.548000	0.000000
1.549000	0.000000
1.550000	0.000000
1.551000	0.000000
1.552000	0.000000
1.553000	0.000000
1.554000	0.000000
1.555000	0.000000
1.556000	0.000000
1.557000	0.000000
1.558000	0.000000
1.559000	0.000000
1.560000	0.000000
1.561000	0.000000
1.562000	0.000000
1.563000	0.000000
1.564000	0.000000
1.565000	0.000000
1.566000	0.000000
1.567000	0.000000
1.568000	0.000000
1.569000	0.000000
1.570000	0.000000
1.571000	0.000000
1.572000	0.000000
1.573000	0.000000
1.574000	0.000000
1.575000	0.000000
1.576000	0.000000
1.577000	0.000000
1.578000	0.000000
1.579000	0.000000
1.580000	0.000000
1.581000	0.000000
1.582000	0.000000
1.583000	0.000000
1.584000	0.000000
1.585000	0.000000
1.586000	0.000000
1.587000	0.000000
1.588000	0.000000
1.589000	0.000000
1.590000	0.000000
1.591000	0.000000
1.592000	0.000000
1.593000	0.000000
1.594000	0.000000
1.595000	0.000000
1.596000	0.000000
1.597000	0.000000
1.598000	0.000000
1.599000	0.000000
1.600000	0.000000
1.601000	0.000000
1.602000	0.000000
1.603000	0.000000
1.604000	0.000000
1.605000	0.000000
1.606000	0.000000
1.607000	0.000000
1.608000	0.000000
1.609000	0.000000
1.610000	0.000000
1.611000	0.000000
1.612000	0.000000
1.613000	0.000000
1.614000	0.000000
1.615000	0.000000
1.616000	0.000000
1.617000	0.000000
1.618000	0.000000
1.619000	0.000000
1.620000	0.000000
1.621000	0.000000
1.622000	0.000000
1.623000	0.000000
1.624000	0.000000
1.625000	0.000000
1.626000	0.000000
1.627000	0.000000
1.628000	0.000000
1.629000	0.000000
1.630000	0.000000
1.631000	0.000000
1.632000	0.000000
1.633000	0.000000
1.634000	0.000000
1.635000	0.000000
1.636000	0.000000
1.637000	0.000000
1.638000	0.000000
1.639000	0.000000
1.640000	0.000000
1.641000	0.000000
1.642000	0.000000
1.643000	0.000000
1.644000	0.000000
1.645000	0.000000
1.646000	0.000000
1.647000	0.000000
1.648000	0.000000
1.649000	0.000000
1.650000	0.000000
1.651000	0.000000
1.652000	0.000000
1.653000	0.000000
1.654000	0.000000
1.655000	0.000000
1.656000	0.000000
1.657000	0.000000
1.658000	0.000000
1.659000	0.000000
1.660000	0.000000
1.661000	0.000000
1.662000	0.000000
1.663000	0.000000
1.664000	0.000000
1.665000	0.000000
1.666000	0.000000
1.667000	0.000000
1.668000	0.000000
1.669000	0.000000
1.670000	0.000000
1.671000	0.000000
1.672000	0.000000
1.673000	0.000000
1.674000	0.000000
1.675000	0.000000
1.676000	0.000000
1.677000	0.000000
1.678000	0.000000
1.679000	0.000000
1.680000	0.000000
1.681000	0.000000
1.682000	0.000000
1.683000	0.000000
1.684000	0.000000
1.685000	0.000000
1.686000	0.000000
1.687000	0.000000
1.688000	0.000000
1.689000	0.000000
1.690000	0.000000
1.691000	0.000000
1.692000	0.000000
1.693000	0.000000
1.694000	0.000000
1.695000	0.000000
1.696000	0.000000
1.697000	0.000000
1.698000	0.000000
1.699000	0.000000
1.700000	0.000000
1.701000	0.000000
1.702000	0.000000
1.703000	0.000000
1.704000	0.000000
1.705000	0.000000
1.706000	0.000000
1.707000	0.000000
1.708000	0.000000
1.709000	0.000000
1.710000	0.000000
1.711000	0.000000
1.712000	0.000000
1.713000	0.000000
1.714000	0.000000
1.715000	0.000000
1.716000	0.000000
1.717000	0.000000
1.718000	0.000000
1.719000	0.000000
1.720000	0.000000
1.721000	0.000000
1.722000	0.000000
1.723000	0.000000
1.724000	0.000000
1.725000	0.000000
1.726000	0.000000
1.727000	0.000000
1.728000	0.000000
1.729000	0.000000
1.730000	0.000000
1.731000	0.000000
1.732000	0.000000
1.733000	0.000000
1.734000	0.000000
1.735000	0.000000
1.736000	0.000000
1.737000	0.000000
1.738000	0.000000
1.739000	0.000000
1.740000	0.000000
1.741000	0.000000
1.742000	0.000000
1.743000	0.000000
1.744000	0.000000
1.745000	0.000000
1.746000	0.000000
1.747000	0.000000
1.748000	0.000000
1.749000	0.000000
1.750000	0.000000
1.751000	0.000000
1.752000	0.000000
1.753000	0.000000
1.754000	0.000000
1.755000	0.000000
1.756000	0.000000
1.757000	0.000000
1.758000	0.000000
1.759000	0.000000
1.760000	0.000000
1.761000	0.000000
1.762000	0.000000
1.763000	0.000000
1.764000	0.000000
1.765000	0.000000
1.766000	0.000000
1.767000	0.000000
1.768000	0.000000
1.769000	0.000000
1.770000	0.000000
1.771000	0.000000
1.772000	0.000000
1.773000	0.000000
1.774000	0.000000
1.775000	0.000000
1.776000	0.000000
1.777000	0.000000
1.778000	0.000000
1.779000	0.000000
1.780000	0.000000
1.781000	0.000000
1.782000	0.000000
1.783000	0.000000
1.784000	0.000000
1.785000	0.000000
1.786000	0.000000
1.787000	0.000000
1.788000	0.000000
1.789000	0.000000
1.790000	0.000000
1.791000	0.000000
1.792000	0.000000
1.793000	0.000000
1.794000	0.000000
1.795000	0.000000
1.796000	0.000000
1.797000	0.000000
1.798000	0.000000
1.799000	0.000000
1.800000	0.000000
1.801000	0.000000
1.802000	0.000000
1.803000	0.000000
1.804000	0.000000
1.805000	0.000000
1.806000	0.000000
1.807000	0.000000
1.808000	0.000000
1.809000	0.000000
1.810000	0.000000
1.811000	0.000000
1.812000	0.000000
1.813000	0.000000
1.814000	0.000000
1.815000	0.000000
1.816000	0.000000
1.817000	0.000000
1.818000	0.000000
1.819000	0.000000
1.820000	0.000000
1.821000	0.000000
1.822000	0.000000
1.823000	0.000000
1.824000	0.000000
1.825000	0.000000
1.826000	0.000000
1.827000	0.000000
1.828000	0.000000
1.829000	0.000000
1.830000	0.000000
1.831000	0.000000
1.832000	0.000000
1.833000	0.000000
1.834000	0.000000
1.835000	0.000000
1.836000	0.000000
1.837000	0.000000
1.838000	0.000000
1.839000	0.000000
1.840000	0.000000
1.841000	0.000000
1.842000	0.000000
1.843000	0.000000
1.844000	0.000000
1.845000	0.000000
1.846000	0.000000
1.847000	0.000000
1.848000	0.000000
1.849000	0.000000
1.850000	0.000000
1.851000	0.000000
1.852000	0.000000
1.853000	0.000000
1.854000	0.000000
1.855000	0.000000
1.856000	0.000000
1.857000	0.000000
1.858000	0.000000
1.859000	0.000000
1.860000	0.000000
1.861000	0.000000
1.862000	0.000000
1.863000	0.000000
1.864000	0.000000
1.865000	0.000000
1.866000	0.000000
1.867000	0.000000
1.868000	0.000000
1.869000	0.000000
1.870000	0.000000
1.871000	0.000000
1.872000	0.000000
1.873000	0.000000
1.874000	0.000000
1.875000	0.000000
1.876000	0.000000
1.877000	0.000000
1.878000	0.000000
1.879000	0.000000
1.880000	0.000000
1.881000	0.000000
1.882000	0.000000
1.883000	0.000000
1.884000	0.000000
1.885000	0.000000
1.886000	0.000000
1.887000	0.000000
1.888000	0.000000
1.889000	0.000000
1.890000	0.000000
1.891000	0.000000
1.892000	0.000000
1.893000	0.000000
1.894000	0.000000
1.895000	0.000000
1.896000	0.000000
1.897000	0.000000
1.898000	0.000000
1.899000	0.000000
1.900000	0.000000
1.901000	0.000000
1.902000	0.000000
1.903000	0.000000
1.904000	0.000000
1.905000	0.000000
1.906000	0.000000
1.907000	0.000000
1.908000	0.000000
1.909000	0.000000
1.910000	0.000000
1.911000	0.000000
1.912000	0.000000
1.913000	0.000000
1.914000	0.000000
1.915000	0.000000
1.916000	0.000000
1.917000	0.000000
1.918000	0.000000
1.919000	0.000000
1.920000	0.000000
1.921000	0.000000
1.922000	0.000000
1.923000	0.000000
1.924000	0.000000
1.925000	0.000000
1.926000	0.000000
1.927000	0.000000
1.928000	0.000000
1.929000	0.000000
1.930000	0.000000
1.931000	0.000000
1.932000	0.000000
1.933000	0.000000
1.934000	0.000000
1.935000	0.000000
1.936000	0.000000
1.937000	0.000000
1.938000	0.000000
1.939000	0.000000
1.940000	0.000000
1.941000	0.000000
1.942000	0.000000
1.943000	0.000000
1.944000	0.000000
1.945000	0.000000
1.946000	0.000000
1.947000	0.000000
1.948000	0.000000
1.949000	0.000000
1.950000	0.000000
1.951000	0.000000
1.952000	0.000000
1.953000	0.000000
1.954000	0.000000
1.955000	0.000000
1.956000	0.000000
1.957000	0.000000
1.958000	0.000000
1.959000	0.000000
1.960000	0.000000
1.961000	0.000000
1.962000	0.000000
1.963000	0.000000
1.964000	0.000000
1.965000	0.000000
1.966000	0.000000
1.967000	0.000000
1.968000	0.000000
1.969000	0.000000
1.970000	0.000000
1.971000	0.000000
1.972000	0.000000
1.973000	0.000000
1.974000	0.000000
1.975000	0.000000
1.976000	0.000000
1.977000	0.000000
1.978000	0.000000
1.979000	0.000000
1.980000	0.000000
1.981000	0.000000
1.982000	0.000000
1.983000	0.000000
1.984000	0.000000
1.985000	0.000000
1.986000	0.000000
1.987000	0.000000
1.988000	0.000000
1.989000	0.000000
1.990000	0.000000
1.991000	0.000000
1.992000	0.000000
1.993000	0.000000
1.994000	0.000000
1.995000	0.000000
1.996000	0.000000
1.997000	0.000000
1.998000	0.000000
1.999000	0.000000
2.000000	0.000000
