-1.000000	0.009271	0.000000
1.000000	0.009271	0.000000
-0.900000	0.240411	0.233835
0.900000	0.240411	0.233835
-0.800000	0.415291	0.409039
0.800000	0.415291	0.409039
-0.700000	0.561334	0.554784
0.700000	0.561334	0.554784
-0.600000	0.679796	0.676718
0.600000	0.679796	0.676718
-0.500000	0.779305	0.777461
0.500000	0.779305	0.777461
-0.400000	0.855854	0.858508
0.400000	0.855854	0.858508
-0.300000	0.918900	0.920791
0.300000	0.918900	0.920791
-0.200000	0.954982	0.964911
0.200000	0.954982	0.964911
-0.100000	0.984588	0.991245
0.100000	0.984588	0.991245
0.000000	0.998998	1.000000
-0.000000	0.998998	1.000000
