-2.000000	0.000000
-1.999000	0.000000
-1.998000	0.000000
-1.997000	0.000000
-1.996000	0.000000
-1.995000	0.000000
-1.994000	0.000000
-1.993000	0.000000
-1.992000	0.000000
-1.991000	0.000000
-1.990000	0.000000
-1.989000	0.000000
-1.988000	0.000000
-1.987000	0.000000
-1.986000	0.000000
-1.985000	0.000000
-1.984000	0.000000
-1.983000	0.000000
-1.982000	0.000000
-1.981000	0.000000
-1.980000	0.000000
-1.979000	0.000000
-1.978000	0.000000
-1.977000	0.000000
-1.976000	0.000000
-1.975000	0.000000
-1.974000	0.000000
-1.973000	0.000000
-1.972000	0.000000
-1.971000	0.000000
-1.970000	0.000000
-1.969000	0.000000
-1.968000	0.000000
-1.967000	0.000000
-1.966000	0.000000
-1.965000	0.000000
-1.964000	0.000000
-1.963000	0.000000
-1.962000	0.000000
-1.961000	0.000000
-1.960000	0.000000
-1.959000	0.000000
-1.958000	0.000000
-1.957000	0.000000
-1.956000	0.000000
-1.955000	0.000000
-1.954000	0.000000
-1.953000	0.000000
-1.952000	0.000000
-1.951000	0.000000
-1.950000	0.000000
-1.949000	0.000000
-1.948000	0.000000
-1.947000	0.000000
-1.946000	0.000000
-1.945000	0.000000
-1.944000	0.000000
-1.943000	0.000000
-1.942000	0.000000
-1.941000	0.000000
-1.940000	0.000000
-1.939000	0.000000
-1.938000	0.000000
-1.937000	0.000000
-1.936000	0.000000
-1.935000	0.000000
-1.934000	0.000000
-1.933000	0.000000
-1.932000	0.000000
-1.931000	0.000000
-1.930000	0.000000
-1.929000	0.000000
-1.928000	0.000000
-1.927000	0.000000
-1.926000	0.000000
-1.925000	0.000000
-1.924000	0.000000
-1.923000	0.000000
-1.922000	0.000000
-1.921000	0.000000
-1.920000	0.000000
-1.919000	0.000000
-1.918000	0.000000
-1.917000	0.000000
-1.916000	0.000000
-1.915000	0.000000
-1.914000	0.000000
-1.913000	0.000000
-1.912000	0.000000
-1.911000	0.000000
-1.910000	0.000000
-1.909000	0.000000
-1.908000	0.000000
-1.907000	0.000000
-1.906000	0.000000
-1.905000	0.000000
-1.904000	0.000000
-1.903000	0.000000
-1.902000	0.000000
-1.901000	0.000000
-1.900000	0.000000
-1.899000	0.000000
-1.898000	0.000000
-1.897000	0.000000
-1.896000	0.000000
-1.895000	0.000000
-1.894000	0.000000
-1.893000	0.000000
-1.892000	0.000000
-1.891000	0.000000
-1.890000	0.000000
-1.889000	0.000000
-1.888000	0.000000
-1.887000	0.000000
-1.886000	0.000000
-1.885000	0.000000
-1.884000	0.000000
-1.883000	0.000000
-1.882000	0.000000
-1.881000	0.000000
-1.880000	0.000000
-1.879000	0.000000
-1.878000	0.000000
-1.877000	0.000000
-1.876000	0.000000
-1.875000	0.000000
-1.874000	0.000000
-1.873000	0.000000
-1.872000	0.000000
-1.871000	0.000000
-1.870000	0.000000
-1.869000	0.000000
-1.868000	0.000000
-1.867000	0.000000
-1.866000	0.000000
-1.865000	0.000000
-1.864000	0.000000
-1.863000	0.000000
-1.862000	0.000000
-1.861000	0.000000
-1.860000	0.000000
-1.859000	0.000000
-1.858000	0.000000
-1.857000	0.000000
-1.856000	0.000000
-1.855000	0.000000
-1.854000	0.000000
-1.853000	0.000000
-1.852000	0.000000
-1.851000	0.000000
-1.850000	0.000000
-1.849000	0.000000
-1.848000	0.000000
-1.847000	0.000000
-1.846000	0.000000
-1.845000	0.000000
-1.844000	0.000000
-1.843000	0.000000
-1.842000	0.000000
-1.841000	0.000000
-1.840000	0.000000
-1.839000	0.000000
-1.838000	0.000000
-1.837000	0.000000
-1.836000	0.000000
-1.835000	0.000000
-1.834000	0.000000
-1.833000	0.000000
-1.832000	0.000000
-1.831000	0.000000
-1.830000	0.000000
-1.829000	0.000000
-1.828000	0.000000
-1.827000	0.000000
-1.826000	0.000000
-1.825000	0.000000
-1.824000	0.000000
-1.823000	0.000000
-1.822000	0.000000
-1.821000	0.000000
-1.820000	0.000000
-1.819000	0.000000
-1.818000	0.000000
-1.817000	0.000000
-1.816000	0.000000
-1.815000	0.000000
-1.814000	0.000000
-1.813000	0.000000
-1.812000	0.000000
-1.811000	0.000000
-1.810000	0.000000
-1.809000	0.000000
-1.808000	0.000000
-1.807000	0.000000
-1.806000	0.000000
-1.805000	0.000000
-1.804000	0.000000
-1.803000	0.000000
-1.802000	0.000000
-1.801000	0.000000
-1.800000	0.000000
-1.799000	0.000000
-1.798000	0.000000
-1.797000	0.000000
-1.796000	0.000000
-1.795000	0.000000
-1.794000	0.000000
-1.793000	0.000000
-1.792000	0.000000
-1.791000	0.000000
-1.790000	0.000000
-1.789000	0.000000
-1.788000	0.000000
-1.787000	0.000000
-1.786000	0.000000
-1.785000	0.000000
-1.784000	0.000000
-1.783000	0.000000
-1.782000	0.000000
-1.781000	0.000000
-1.780000	0.000000
-1.779000	0.000000
-1.778000	0.000000
-1.777000	0.000000
-1.776000	0.000000
-1.775000	0.000000
-1.774000	0.000000
-1.773000	0.000000
-1.772000	0.000000
-1.771000	0.000000
-1.770000	0.000000
-1.769000	0.000000
-1.768000	0.000000
-1.767000	0.000000
-1.766000	0.000000
-1.765000	0.000000
-1.764000	0.000000
-1.763000	0.000000
-1.762000	0.000000
-1.761000	0.000000
-1.760000	0.000000
-1.759000	0.000000
-1.758000	0.000000
-1.757000	0.000000
-1.756000	0.000000
-1.755000	0.000000
-1.754000	0.000000
-1.753000	0.000000
-1.752000	0.000000
-1.751000	0.000000
-1.750000	0.000000
-1.749000	0.000000
-1.748000	0.000000
-1.747000	0.000000
-1.746000	0.000000
-1.745000	0.000000
-1.744000	0.000000
-1.743000	0.000000
-1.742000	0.000000
-1.741000	0.000000
-1.740000	0.000000
-1.739000	0.000000
-1.738000	0.000000
-1.737000	0.000000
-1.736000	0.000000
-1.735000	0.000000
-1.734000	0.000000
-1.733000	0.000000
-1.732000	0.000000
-1.731000	0.000000
-1.730000	0.000000
-1.729000	0.000000
-1.728000	0.000000
-1.727000	0.000000
-1.726000	0.000000
-1.725000	0.000000
-1.724000	0.000000
-1.723000	0.000000
-1.722000	0.000000
-1.721000	0.000000
-1.720000	0.000000
-1.719000	0.000000
-1.718000	0.000000
-1.717000	0.000000
-1.716000	0.000000
-1.715000	0.000000
-1.714000	0.000000
-1.713000	0.000000
-1.712000	0.000000
-1.711000	0.000000
-1.710000	0.000000
-1.709000	0.000000
-1.708000	0.000000
-1.707000	0.000000
-1.706000	0.000000
-1.705000	0.000000
-1.704000	0.000000
-1.703000	0.000000
-1.702000	0.000000
-1.701000	0.000000
-1.700000	0.000000
-1.699000	0.000000
-1.698000	0.000000
-1.697000	0.000000
-1.696000	0.000000
-1.695000	0.000000
-1.694000	0.000000
-1.693000	0.000000
-1.692000	0.000000
-1.691000	0.000000
-1.690000	0.000000
-1.689000	0.000000
-1.688000	0.000000
-1.687000	0.000000
-1.686000	0.000000
-1.685000	0.000000
-1.684000	0.000000
-1.683000	0.000000
-1.682000	0.000000
-1.681000	0.000000
-1.680000	0.000000
-1.679000	0.000000
-1.678000	0.000000
-1.677000	0.000000
-1.676000	0.000000
-1.675000	0.000000
-1.674000	0.000000
-1.673000	0.000000
-1.672000	0.000000
-1.671000	0.000000
-1.670000	0.000000
-1.669000	0.000000
-1.668000	0.000000
-1.667000	0.000000
-1.666000	0.000000
-1.665000	0.000000
-1.664000	0.000000
-1.663000	0.000000
-1.662000	0.000000
-1.661000	0.000000
-1.660000	0.000000
-1.659000	0.000000
-1.658000	0.000000
-1.657000	0.000000
-1.656000	0.000000
-1.655000	0.000000
-1.654000	0.000000
-1.653000	0.000000
-1.652000	0.000000
-1.651000	0.000000
-1.650000	0.000000
-1.649000	0.000000
-1.648000	0.000000
-1.647000	0.000000
-1.646000	0.000000
-1.645000	0.000000
-1.644000	0.000000
-1.643000	0.000000
-1.642000	0.000000
-1.641000	0.000000
-1.640000	0.000000
-1.639000	0.000000
-1.638000	0.000000
-1.637000	0.000000
-1.636000	0.000000
-1.635000	0.000000
-1.634000	0.000000
-1.633000	0.000000
-1.632000	0.000000
-1.631000	0.000000
-1.630000	0.000000
-1.629000	0.000000
-1.628000	0.000000
-1.627000	0.000000
-1.626000	0.000000
-1.625000	0.000000
-1.624000	0.000000
-1.623000	0.000000
-1.622000	0.000000
-1.621000	0.000000
-1.620000	0.000000
-1.619000	0.000000
-1.618000	0.000000
-1.617000	0.000000
-1.616000	0.000000
-1.615000	0.000000
-1.614000	0.000000
-1.613000	0.000000
-1.612000	0.000000
-1.611000	0.000000
-1.610000	0.000000
-1.609000	0.000000
-1.608000	0.000000
-1.607000	0.000000
-1.606000	0.000000
-1.605000	0.000000
-1.604000	0.000000
-1.603000	0.000000
-1.602000	0.000000
-1.601000	0.000000
-1.600000	0.000000
-1.599000	0.000000
-1.598000	0.000000
-1.597000	0.000000
-1.596000	0.000000
-1.595000	0.000000
-1.594000	0.000000
-1.593000	0.000000
-1.592000	0.000000
-1.591000	0.000000
-1.590000	0.000000
-1.589000	0.000000
-1.588000	0.000000
-1.587000	0.000000
-1.586000	0.000000
-1.585000	0.000000
-1.584000	0.000000
-1.583000	0.000000
-1.582000	0.000000
-1.581000	0.000000
-1.580000	0.000000
-1.579000	0.000000
-1.578000	0.000000
-1.577000	0.000000
-1.576000	0.000000
-1.575000	0.000000
-1.574000	0.000000
-1.573000	0.000000
-1.572000	0.000000
-1.571000	0.000000
-1.570000	0.000000
-1.569000	0.000000
-1.568000	0.000000
-1.567000	0.000000
-1.566000	0.000000
-1.565000	0.000000
-1.564000	0.000000
-1.563000	0.000000
-1.562000	0.000000
-1.561000	0.000000
-1.560000	0.000000
-1.559000	0.000000
-1.558000	0.000000
-1.557000	0.000000
-1.556000	0.000000
-1.555000	0.000000
-1.554000	0.000000
-1.553000	0.000000
-1.552000	0.000000
-1.551000	0.000000
-1.550000	0.000000
-1.549000	0.000000
-1.548000	0.000000
-1.547000	0.000000
-1.546000	0.000000
-1.545000	0.000000
-1.544000	0.000000
-1.543000	0.000000
-1.542000	0.000000
-1.541000	0.000000
-1.540000	0.000000
-1.539000	0.000000
-1.538000	0.000000
-1.537000	0.000000
-1.536000	0.000000
-1.535000	0.000000
-1.534000	0.000000
-1.533000	0.000000
-1.532000	0.000000
-1.531000	0.000000
-1.530000	0.000000
-1.529000	0.000000
-1.528000	0.000000
-1.527000	0.000000
-1.526000	0.000000
-1.525000	0.000000
-1.524000	0.000000
-1.523000	0.000000
-1.522000	0.000000
-1.521000	0.000000
-1.520000	0.000000
-1.519000	0.000000
-1.518000	0.000000
-1.517000	0.000000
-1.516000	0.000000
-1.515000	0.000000
-1.514000	0.000000
-1.513000	0.000000
-1.512000	0.000000
-1.511000	0.000000
-1.510000	0.000000
-1.509000	0.000000
-1.508000	0.000000
-1.507000	0.000000
-1.506000	0.000000
-1.505000	0.000000
-1.504000	0.000000
-1.503000	0.000000
-1.502000	0.000000
-1.501000	0.000000
-1.500000	0.000000
-1.499000	0.000000
-1.498000	0.000000
-1.497000	0.000000
-1.496000	0.000000
-1.495000	0.000000
-1.494000	0.000000
-1.493000	0.000000
-1.492000	0.000000
-1.491000	0.000000
-1.490000	0.000000
-1.489000	0.000000
-1.488000	0.000000
-1.487000	0.000000
-1.486000	0.000000
-1.485000	0.000000
-1.484000	0.000000
-1.483000	0.000000
-1.482000	0.000000
-1.481000	0.000000
-1.480000	0.000000
-1.479000	0.000000
-1.478000	0.000000
-1.477000	0.000000
-1.476000	0.000000
-1.475000	0.000000
-1.474000	0.000000
-1.473000	0.000000
-1.472000	0.000000
-1.471000	0.000000
-1.470000	0.000000
-1.469000	0.000000
-1.468000	0.000000
-1.467000	0.000000
-1.466000	0.000000
-1.465000	0.000000
-1.464000	0.000000
-1.463000	0.000000
-1.462000	0.000000
-1.461000	0.000000
-1.460000	0.000000
-1.459000	0.000000
-1.458000	0.000000
-1.457000	0.000000
-1.456000	0.000000
-1.455000	0.000000
-1.454000	0.000000
-1.453000	0.000000
-1.452000	0.000000
-1.451000	0.000000
-1.450000	0.000000
-1.449000	0.000000
-1.448000	0.000000
-1.447000	0.000000
-1.446000	0.000000
-1.445000	0.000000
-1.444000	0.000000
-1.443000	0.000000
-1.442000	0.000000
-1.441000	0.000000
-1.440000	0.000000
-1.439000	0.000000
-1.438000	0.000000
-1.437000	0.000000
-1.436000	0.000000
-1.435000	0.000000
-1.434000	0.000000
-1.433000	0.000000
-1.432000	0.000000
-1.431000	0.000000
-1.430000	0.000000
-1.429000	0.000000
-1.428000	0.000000
-1.427000	0.000000
-1.426000	0.000000
-1.425000	0.000000
-1.424000	0.000000
-1.423000	0.000000
-1.422000	0.000000
-1.421000	0.000000
-1.420000	0.000000
-1.419000	0.000000
-1.418000	0.000000
-1.417000	0.000000
-1.416000	0.000000
-1.415000	0.000000
-1.414000	0.000000
-1.413000	0.000000
-1.412000	0.000000
-1.411000	0.000000
-1.410000	0.000000
-1.409000	0.000000
-1.408000	0.000000
-1.407000	0.000000
-1.406000	0.000000
-1.405000	0.000000
-1.404000	0.000000
-1.403000	0.000000
-1.402000	0.000000
-1.401000	0.000000
-1.400000	0.000000
-1.399000	0.000000
-1.398000	0.000000
-1.397000	0.000000
-1.396000	0.000000
-1.395000	0.000000
-1.394000	0.000000
-1.393000	0.000000
-1.392000	0.000000
-1.391000	0.000000
-1.390000	0.000000
-1.389000	0.000000
-1.388000	0.000000
-1.387000	0.000000
-1.386000	0.000000
-1.385000	0.000000
-1.384000	0.000000
-1.383000	0.000000
-1.382000	0.000000
-1.381000	0.000000
-1.380000	0.000000
-1.379000	0.000000
-1.378000	0.000000
-1.377000	0.000000
-1.376000	0.000000
-1.375000	0.000000
-1.374000	0.000000
-1.373000	0.000000
-1.372000	0.000000
-1.371000	0.000000
-1.370000	0.000000
-1.369000	0.000000
-1.368000	0.000000
-1.367000	0.000000
-1.366000	0.000000
-1.365000	0.000000
-1.364000	0.000000
-1.363000	0.000000
-1.362000	0.000000
-1.361000	0.000000
-1.360000	0.000000
-1.359000	0.000000
-1.358000	0.000000
-1.357000	0.000000
-1.356000	0.000000
-1.355000	0.000000
-1.354000	0.000000
-1.353000	0.000000
-1.352000	0.000000
-1.351000	0.000000
-1.350000	0.000000
-1.349000	0.000000
-1.348000	0.000000
-1.347000	0.000000
-1.346000	0.000000
-1.345000	0.000000
-1.344000	0.000000
-1.343000	0.000000
-1.342000	0.000000
-1.341000	0.000000
-1.340000	0.000000
-1.339000	0.000000
-1.338000	0.000000
-1.337000	0.000000
-1.336000	0.000000
-1.335000	0.000000
-1.334000	0.000000
-1.333000	0.000000
-1.332000	0.000000
-1.331000	0.000000
-1.330000	0.000000
-1.329000	0.000000
-1.328000	0.000000
-1.327000	0.000000
-1.326000	0.000000
-1.325000	0.000000
-1.324000	0.000000
-1.323000	0.000000
-1.322000	0.000000
-1.321000	0.000000
-1.320000	0.000000
-1.319000	0.000000
-1.318000	0.000000
-1.317000	0.000000
-1.316000	0.000000
-1.315000	0.000000
-1.314000	0.000000
-1.313000	0.000000
-1.312000	0.000000
-1.311000	0.000000
-1.310000	0.000000
-1.309000	0.000000
-1.308000	0.000000
-1.307000	0.000000
-1.306000	0.000000
-1.305000	0.000000
-1.304000	0.000000
-1.303000	0.000000
-1.302000	0.000000
-1.301000	0.000000
-1.300000	0.000000
-1.299000	0.000000
-1.298000	0.000000
-1.297000	0.000000
-1.296000	0.000000
-1.295000	0.000000
-1.294000	0.000000
-1.293000	0.000000
-1.292000	0.000000
-1.291000	0.000000
-1.290000	0.000000
-1.289000	0.000000
-1.288000	0.000000
-1.287000	0.000000
-1.286000	0.000000
-1.285000	0.000000
-1.284000	0.000000
-1.283000	0.000000
-1.282000	0.000000
-1.281000	0.000000
-1.280000	0.000000
-1.279000	0.000000
-1.278000	0.000000
-1.277000	0.000000
-1.276000	0.000000
-1.275000	0.000000
-1.274000	0.000000
-1.273000	0.000000
-1.272000	0.000000
-1.271000	0.000000
-1.270000	0.000000
-1.269000	0.000000
-1.268000	0.000000
-1.267000	0.000000
-1.266000	0.000000
-1.265000	0.000000
-1.264000	0.000000
-1.263000	0.000000
-1.262000	0.000000
-1.261000	0.000000
-1.260000	0.000000
-1.259000	0.000000
-1.258000	0.000000
-1.257000	0.000000
-1.256000	0.000000
-1.255000	0.000000
-1.254000	0.000000
-1.253000	0.000000
-1.252000	0.000000
-1.251000	0.000000
-1.250000	0.000000
-1.249000	0.000000
-1.248000	0.000000
-1.247000	0.000000
-1.246000	0.000000
-1.245000	0.000000
-1.244000	0.000000
-1.243000	0.000000
-1.242000	0.000000
-1.241000	0.000000
-1.240000	0.000000
-1.239000	0.000000
-1.238000	0.000000
-1.237000	0.000000
-1.236000	0.000000
-1.235000	0.000000
-1.234000	0.000000
-1.233000	0.000000
-1.232000	0.000000
-1.231000	0.000000
-1.230000	0.000000
-1.229000	0.000000
-1.228000	0.000000
-1.227000	0.000000
-1.226000	0.000000
-1.225000	0.000000
-1.224000	0.000000
-1.223000	0.000000
-1.222000	0.000000
-1.221000	0.000000
-1.220000	0.000000
-1.219000	0.000000
-1.218000	0.000000
-1.217000	0.000000
-1.216000	0.000000
-1.215000	0.000000
-1.214000	0.000000
-1.213000	0.000000
-1.212000	0.000000
-1.211000	0.000000
-1.210000	0.000000
-1.209000	0.000000
-1.208000	0.000000
-1.207000	0.000000
-1.206000	0.000000
-1.205000	0.000000
-1.204000	0.000000
-1.203000	0.000000
-1.202000	0.000000
-1.201000	0.000000
-1.200000	0.000000
-1.199000	0.000000
-1.198000	0.000000
-1.197000	0.000000
-1.196000	0.000000
-1.195000	0.000000
-1.194000	0.000000
-1.193000	0.000000
-1.192000	0.000000
-1.191000	0.000000
-1.190000	0.000000
-1.189000	0.000000
-1.188000	0.000000
-1.187000	0.000000
-1.186000	0.000000
-1.185000	0.000000
-1.184000	0.000000
-1.183000	0.000000
-1.182000	0.000000
-1.181000	0.000000
-1.180000	0.000000
-1.179000	0.000000
-1.178000	0.000000
-1.177000	0.000000
-1.176000	0.000000
-1.175000	0.000000
-1.174000	0.000000
-1.173000	0.000000
-1.172000	0.000000
-1.171000	0.000000
-1.170000	0.000000
-1.169000	0.000000
-1.168000	0.000000
-1.167000	0.000000
-1.166000	0.000000
-1.165000	0.000000
-1.164000	0.000000
-1.163000	0.000000
-1.162000	0.000000
-1.161000	0.000000
-1.160000	0.000000
-1.159000	0.000000
-1.158000	0.000000
-1.157000	0.000000
-1.156000	0.000000
-1.155000	0.000000
-1.154000	0.000000
-1.153000	0.000000
-1.152000	0.000000
-1.151000	0.000000
-1.150000	0.000000
-1.149000	0.000000
-1.148000	0.000000
-1.147000	0.000000
-1.146000	0.000000
-1.145000	0.000000
-1.144000	0.000000
-1.143000	0.000000
-1.142000	0.000000
-1.141000	0.000000
-1.140000	0.000000
-1.139000	0.000000
-1.138000	0.000000
-1.137000	0.000000
-1.136000	0.000000
-1.135000	0.000000
-1.134000	0.000000
-1.133000	0.000000
-1.132000	0.000000
-1.131000	0.000000
-1.130000	0.000000
-1.129000	0.000000
-1.128000	0.000000
-1.127000	0.000000
-1.126000	0.000000
-1.125000	0.000000
-1.124000	0.000000
-1.123000	0.000000
-1.122000	0.000000
-1.121000	0.000000
-1.120000	0.000000
-1.119000	0.000000
-1.118000	0.000000
-1.117000	0.000000
-1.116000	0.000000
-1.115000	0.000000
-1.114000	0.000000
-1.113000	0.000000
-1.112000	0.000000
-1.111000	0.000000
-1.110000	0.000000
-1.109000	0.000000
-1.108000	0.000000
-1.107000	0.000000
-1.106000	0.000000
-1.105000	0.000000
-1.104000	0.000000
-1.103000	0.000000
-1.102000	0.000000
-1.101000	0.000000
-1.100000	0.000000
-1.099000	0.000000
-1.098000	0.000000
-1.097000	0.000000
-1.096000	0.000000
-1.095000	0.000000
-1.094000	0.000000
-1.093000	0.000000
-1.092000	0.000000
-1.091000	0.000000
-1.090000	0.000000
-1.089000	0.000000
-1.088000	0.000000
-1.087000	0.000000
-1.086000	0.000000
-1.085000	0.000000
-1.084000	0.000000
-1.083000	0.000000
-1.082000	0.000000
-1.081000	0.000000
-1.080000	0.000000
-1.079000	0.000000
-1.078000	0.000000
-1.077000	0.000000
-1.076000	0.000000
-1.075000	0.000000
-1.074000	0.000000
-1.073000	0.000000
-1.072000	0.000000
-1.071000	0.000000
-1.070000	0.000000
-1.069000	0.000000
-1.068000	0.000000
-1.067000	0.000000
-1.066000	0.000000
-1.065000	0.000000
-1.064000	0.000000
-1.063000	0.000000
-1.062000	0.000000
-1.061000	0.000000
-1.060000	0.000000
-1.059000	0.000000
-1.058000	0.000000
-1.057000	0.000000
-1.056000	0.000000
-1.055000	0.000000
-1.054000	0.000000
-1.053000	0.000000
-1.052000	0.000000
-1.051000	0.000000
-1.050000	0.000000
-1.049000	0.000000
-1.048000	0.000000
-1.047000	0.000000
-1.046000	0.000000
-1.045000	0.000000
-1.044000	0.000000
-1.043000	0.000000
-1.042000	0.000000
-1.041000	0.000000
-1.040000	0.000000
-1.039000	0.000000
-1.038000	0.000000
-1.037000	0.000000
-1.036000	0.000000
-1.035000	0.000000
-1.034000	0.000000
-1.033000	0.000000
-1.032000	0.000000
-1.031000	0.000000
-1.030000	0.000000
-1.029000	0.000000
-1.028000	0.000000
-1.027000	0.000000
-1.026000	0.000000
-1.025000	0.000000
-1.024000	0.000000
-1.023000	0.000000
-1.022000	0.000000
-1.021000	0.000000
-1.020000	0.000000
-1.019000	0.000000
-1.018000	0.000000
-1.017000	0.000000
-1.016000	0.000000
-1.015000	0.000000
-1.014000	0.000000
-1.013000	0.000000
-1.012000	0.000000
-1.011000	0.000000
-1.010000	0.000000
-1.009000	0.000000
-1.008000	0.000000
-1.007000	0.000000
-1.006000	0.000000
-1.005000	0.000000
-1.004000	0.000000
-1.003000	0.000000
-1.002000	0.000000
-1.001000	0.000000
-1.000000	0.000000
-0.999000	0.000019
-0.998000	0.000064
-0.997000	0.000129
-0.996000	0.000213
-0.995000	0.000315
-0.994000	0.000433
-0.993000	0.000566
-0.992000	0.000715
-0.991000	0.000878
-0.990000	0.001054
-0.989000	0.001245
-0.988000	0.001448
-0.987000	0.001664
-0.986000	0.001893
-0.985000	0.002134
-0.984000	0.002387
-0.983000	0.002652
-0.982000	0.002929
-0.981000	0.003216
-0.980000	0.003515
-0.979000	0.003825
-0.978000	0.004146
-0.977000	0.004477
-0.976000	0.004819
-0.975000	0.005172
-0.974000	0.005534
-0.973000	0.005907
-0.972000	0.006289
-0.971000	0.006682
-0.970000	0.007084
-0.969000	0.007496
-0.968000	0.007917
-0.967000	0.008348
-0.966000	0.008787
-0.965000	0.009236
-0.964000	0.009695
-0.963000	0.010162
-0.962000	0.010638
-0.961000	0.011122
-0.960000	0.011616
-0.959000	0.012118
-0.958000	0.012629
-0.957000	0.013148
-0.956000	0.013675
-0.955000	0.014211
-0.954000	0.014755
-0.953000	0.015307
-0.952000	0.015868
-0.951000	0.016436
-0.950000	0.017012
-0.949000	0.017596
-0.948000	0.018188
-0.947000	0.018788
-0.946000	0.019395
-0.945000	0.020010
-0.944000	0.020632
-0.943000	0.021262
-0.942000	0.021900
-0.941000	0.022544
-0.940000	0.023196
-0.939000	0.023855
-0.938000	0.024522
-0.937000	0.025195
-0.936000	0.025876
-0.935000	0.026564
-0.934000	0.027258
-0.933000	0.027960
-0.932000	0.028668
-0.931000	0.029384
-0.930000	0.030106
-0.929000	0.030834
-0.928000	0.031570
-0.927000	0.032312
-0.926000	0.033060
-0.925000	0.033815
-0.924000	0.034577
-0.923000	0.035345
-0.922000	0.036119
-0.921000	0.036899
-0.920000	0.037686
-0.919000	0.038480
-0.918000	0.039279
-0.917000	0.040084
-0.916000	0.040896
-0.915000	0.041714
-0.914000	0.042537
-0.913000	0.043367
-0.912000	0.044203
-0.911000	0.045044
-0.910000	0.045892
-0.909000	0.046745
-0.908000	0.047604
-0.907000	0.048468
-0.906000	0.049339
-0.905000	0.050215
-0.904000	0.051097
-0.903000	0.051984
-0.902000	0.052877
-0.901000	0.053775
-0.900000	0.054679
-0.899000	0.055588
-0.898000	0.056503
-0.897000	0.057423
-0.896000	0.058348
-0.895000	0.059279
-0.894000	0.060214
-0.893000	0.061155
-0.892000	0.062102
-0.891000	0.063053
-0.890000	0.064010
-0.889000	0.064971
-0.888000	0.065938
-0.887000	0.066910
-0.886000	0.067886
-0.885000	0.068868
-0.884000	0.069854
-0.883000	0.070846
-0.882000	0.071842
-0.881000	0.072843
-0.880000	0.073849
-0.879000	0.074859
-0.878000	0.075875
-0.877000	0.076895
-0.876000	0.077919
-0.875000	0.078949
-0.874000	0.079983
-0.873000	0.081021
-0.872000	0.082064
-0.871000	0.083112
-0.870000	0.084163
-0.869000	0.085220
-0.868000	0.086281
-0.867000	0.087346
-0.866000	0.088416
-0.865000	0.089489
-0.864000	0.090568
-0.863000	0.091650
-0.862000	0.092737
-0.861000	0.093828
-0.860000	0.094923
-0.859000	0.096022
-0.858000	0.097126
-0.857000	0.098233
-0.856000	0.099345
-0.855000	0.100461
-0.854000	0.101580
-0.853000	0.102704
-0.852000	0.103832
-0.851000	0.104963
-0.850000	0.106099
-0.849000	0.107238
-0.848000	0.108381
-0.847000	0.109528
-0.846000	0.110679
-0.845000	0.111834
-0.844000	0.112993
-0.843000	0.114155
-0.842000	0.115321
-0.841000	0.116490
-0.840000	0.117663
-0.839000	0.118840
-0.838000	0.120021
-0.837000	0.121205
-0.836000	0.122392
-0.835000	0.123583
-0.834000	0.124778
-0.833000	0.125976
-0.832000	0.127178
-0.831000	0.128383
-0.830000	0.129591
-0.829000	0.130803
-0.828000	0.132018
-0.827000	0.133236
-0.826000	0.134458
-0.825000	0.135683
-0.824000	0.136912
-0.823000	0.138143
-0.822000	0.139378
-0.821000	0.140616
-0.820000	0.141857
-0.819000	0.143102
-0.818000	0.144349
-0.817000	0.145600
-0.816000	0.146853
-0.815000	0.148110
-0.814000	0.149370
-0.813000	0.150633
-0.812000	0.151898
-0.811000	0.153167
-0.810000	0.154439
-0.809000	0.155713
-0.808000	0.156991
-0.807000	0.158271
-0.806000	0.159555
-0.805000	0.160841
-0.804000	0.162130
-0.803000	0.163421
-0.802000	0.164716
-0.801000	0.166013
-0.800000	0.167313
-0.799000	0.168616
-0.798000	0.169921
-0.797000	0.171229
-0.796000	0.172540
-0.795000	0.173853
-0.794000	0.175169
-0.793000	0.176487
-0.792000	0.177808
-0.791000	0.179132
-0.790000	0.180458
-0.789000	0.181787
-0.788000	0.183118
-0.787000	0.184452
-0.786000	0.185788
-0.785000	0.187126
-0.784000	0.188467
-0.783000	0.189810
-0.782000	0.191156
-0.781000	0.192504
-0.780000	0.193854
-0.779000	0.195207
-0.778000	0.196561
-0.777000	0.197919
-0.776000	0.199278
-0.775000	0.200640
-0.774000	0.202003
-0.773000	0.203369
-0.772000	0.204738
-0.771000	0.206108
-0.770000	0.207480
-0.769000	0.208855
-0.768000	0.210232
-0.767000	0.211610
-0.766000	0.212991
-0.765000	0.214374
-0.764000	0.215759
-0.763000	0.217146
-0.762000	0.218534
-0.761000	0.219925
-0.760000	0.221318
-0.759000	0.222713
-0.758000	0.224109
-0.757000	0.225508
-0.756000	0.226908
-0.755000	0.228310
-0.754000	0.229714
-0.753000	0.231120
-0.752000	0.232528
-0.751000	0.233937
-0.750000	0.235349
-0.749000	0.236762
-0.748000	0.238176
-0.747000	0.239593
-0.746000	0.241011
-0.745000	0.242431
-0.744000	0.243852
-0.743000	0.245275
-0.742000	0.246700
-0.741000	0.248126
-0.740000	0.249554
-0.739000	0.250983
-0.738000	0.252415
-0.737000	0.253847
-0.736000	0.255281
-0.735000	0.256717
-0.734000	0.258154
-0.733000	0.259593
-0.732000	0.261033
-0.731000	0.262474
-0.730000	0.263917
-0.729000	0.265361
-0.728000	0.266807
-0.727000	0.268254
-0.726000	0.269702
-0.725000	0.271152
-0.724000	0.272603
-0.723000	0.274056
-0.722000	0.275509
-0.721000	0.276964
-0.720000	0.278421
-0.719000	0.279878
-0.718000	0.281337
-0.717000	0.282797
-0.716000	0.284258
-0.715000	0.285720
-0.714000	0.287184
-0.713000	0.288648
-0.712000	0.290114
-0.711000	0.291581
-0.710000	0.293049
-0.709000	0.294518
-0.708000	0.295988
-0.707000	0.297459
-0.706000	0.298931
-0.705000	0.300404
-0.704000	0.301879
-0.703000	0.303354
-0.702000	0.304830
-0.701000	0.306307
-0.700000	0.307785
-0.699000	0.309264
-0.698000	0.310744
-0.697000	0.312225
-0.696000	0.313707
-0.695000	0.315189
-0.694000	0.316673
-0.693000	0.318157
-0.692000	0.319642
-0.691000	0.321128
-0.690000	0.322615
-0.689000	0.324103
-0.688000	0.325591
-0.687000	0.327080
-0.686000	0.328570
-0.685000	0.330060
-0.684000	0.331552
-0.683000	0.333043
-0.682000	0.334536
-0.681000	0.336029
-0.680000	0.337523
-0.679000	0.339018
-0.678000	0.340513
-0.677000	0.342009
-0.676000	0.343505
-0.675000	0.345002
-0.674000	0.346500
-0.673000	0.347998
-0.672000	0.349496
-0.671000	0.350996
-0.670000	0.352495
-0.669000	0.353995
-0.668000	0.355496
-0.667000	0.356997
-0.666000	0.358499
-0.665000	0.360001
-0.664000	0.361503
-0.663000	0.363006
-0.662000	0.364509
-0.661000	0.366013
-0.660000	0.367517
-0.659000	0.369021
-0.658000	0.370526
-0.657000	0.372031
-0.656000	0.373536
-0.655000	0.375042
-0.654000	0.376548
-0.653000	0.378054
-0.652000	0.379561
-0.651000	0.381067
-0.650000	0.382574
-0.649000	0.384082
-0.648000	0.385589
-0.647000	0.387097
-0.646000	0.388605
-0.645000	0.390113
-0.644000	0.391621
-0.643000	0.393129
-0.642000	0.394637
-0.641000	0.396146
-0.640000	0.397655
-0.639000	0.399163
-0.638000	0.400672
-0.637000	0.402181
-0.636000	0.403690
-0.635000	0.405199
-0.634000	0.406708
-0.633000	0.408217
-0.632000	0.409726
-0.631000	0.411235
-0.630000	0.412745
-0.629000	0.414254
-0.628000	0.415763
-0.627000	0.417271
-0.626000	0.418780
-0.625000	0.420289
-0.624000	0.421798
-0.623000	0.423306
-0.622000	0.424815
-0.621000	0.426323
-0.620000	0.427831
-0.619000	0.429339
-0.618000	0.430847
-0.617000	0.432355
-0.616000	0.433862
-0.615000	0.435370
-0.614000	0.436877
-0.613000	0.438384
-0.612000	0.439890
-0.611000	0.441397
-0.610000	0.442903
-0.609000	0.444409
-0.608000	0.445914
-0.607000	0.447419
-0.606000	0.448924
-0.605000	0.450429
-0.604000	0.451933
-0.603000	0.453437
-0.602000	0.454941
-0.601000	0.456444
-0.600000	0.457947
-0.599000	0.459449
-0.598000	0.460951
-0.597000	0.462453
-0.596000	0.463954
-0.595000	0.465455
-0.594000	0.466955
-0.593000	0.468455
-0.592000	0.469954
-0.591000	0.471453
-0.590000	0.472952
-0.589000	0.474450
-0.588000	0.475947
-0.587000	0.477444
-0.586000	0.478940
-0.585000	0.480436
-0.584000	0.481931
-0.583000	0.483426
-0.582000	0.484920
-0.581000	0.486413
-0.580000	0.487906
-0.579000	0.489398
-0.578000	0.490890
-0.577000	0.492381
-0.576000	0.493871
-0.575000	0.495361
-0.574000	0.496850
-0.573000	0.498338
-0.572000	0.499826
-0.571000	0.501313
-0.570000	0.502799
-0.569000	0.504284
-0.568000	0.505769
-0.567000	0.507253
-0.566000	0.508736
-0.565000	0.510219
-0.564000	0.511700
-0.563000	0.513181
-0.562000	0.514661
-0.561000	0.516141
-0.560000	0.517619
-0.559000	0.519097
-0.558000	0.520573
-0.557000	0.522049
-0.556000	0.523524
-0.555000	0.524999
-0.554000	0.526472
-0.553000	0.527944
-0.552000	0.529416
-0.551000	0.530887
-0.550000	0.532356
-0.549000	0.533825
-0.548000	0.535293
-0.547000	0.536760
-0.546000	0.538226
-0.545000	0.539691
-0.544000	0.541154
-0.543000	0.542617
-0.542000	0.544079
-0.541000	0.545540
-0.540000	0.547000
-0.539000	0.548459
-0.538000	0.549917
-0.537000	0.551374
-0.536000	0.552829
-0.535000	0.554284
-0.534000	0.555738
-0.533000	0.557190
-0.532000	0.558641
-0.531000	0.560092
-0.530000	0.561541
-0.529000	0.562989
-0.528000	0.564436
-0.527000	0.565881
-0.526000	0.567326
-0.525000	0.568769
-0.524000	0.570211
-0.523000	0.571652
-0.522000	0.573092
-0.521000	0.574531
-0.520000	0.575968
-0.519000	0.577404
-0.518000	0.578839
-0.517000	0.580273
-0.516000	0.581705
-0.515000	0.583136
-0.514000	0.584566
-0.513000	0.585995
-0.512000	0.587422
-0.511000	0.588848
-0.510000	0.590273
-0.509000	0.591696
-0.508000	0.593118
-0.507000	0.594539
-0.506000	0.595958
-0.505000	0.597376
-0.504000	0.598793
-0.503000	0.600208
-0.502000	0.601622
-0.501000	0.603035
-0.500000	0.604446
-0.499000	0.605855
-0.498000	0.607264
-0.497000	0.608670
-0.496000	0.610076
-0.495000	0.611480
-0.494000	0.612882
-0.493000	0.614283
-0.492000	0.615683
-0.491000	0.617081
-0.490000	0.618477
-0.489000	0.619872
-0.488000	0.621266
-0.487000	0.622658
-0.486000	0.624049
-0.485000	0.625438
-0.484000	0.626825
-0.483000	0.628211
-0.482000	0.629595
-0.481000	0.630978
-0.480000	0.632359
-0.479000	0.633739
-0.478000	0.635117
-0.477000	0.636493
-0.476000	0.637868
-0.475000	0.639241
-0.474000	0.640613
-0.473000	0.641983
-0.472000	0.643351
-0.471000	0.644718
-0.470000	0.646083
-0.469000	0.647446
-0.468000	0.648808
-0.467000	0.650168
-0.466000	0.651526
-0.465000	0.652882
-0.464000	0.654237
-0.463000	0.655590
-0.462000	0.656942
-0.461000	0.658291
-0.460000	0.659639
-0.459000	0.660986
-0.458000	0.662330
-0.457000	0.663673
-0.456000	0.665014
-0.455000	0.666353
-0.454000	0.667690
-0.453000	0.669025
-0.452000	0.670359
-0.451000	0.671691
-0.450000	0.673021
-0.449000	0.674349
-0.448000	0.675676
-0.447000	0.677000
-0.446000	0.678323
-0.445000	0.679644
-0.444000	0.680963
-0.443000	0.682280
-0.442000	0.683595
-0.441000	0.684909
-0.440000	0.686220
-0.439000	0.687530
-0.438000	0.688837
-0.437000	0.690143
-0.436000	0.691447
-0.435000	0.692749
-0.434000	0.694048
-0.433000	0.695346
-0.432000	0.696642
-0.431000	0.697936
-0.430000	0.699228
-0.429000	0.700518
-0.428000	0.701807
-0.427000	0.703093
-0.426000	0.704377
-0.425000	0.705659
-0.424000	0.706939
-0.423000	0.708217
-0.422000	0.709493
-0.421000	0.710767
-0.420000	0.712039
-0.419000	0.713309
-0.418000	0.714576
-0.417000	0.715842
-0.416000	0.717106
-0.415000	0.718367
-0.414000	0.719627
-0.413000	0.720884
-0.412000	0.722139
-0.411000	0.723393
-0.410000	0.724644
-0.409000	0.725893
-0.408000	0.727139
-0.407000	0.728384
-0.406000	0.729626
-0.405000	0.730867
-0.404000	0.732105
-0.403000	0.733341
-0.402000	0.734575
-0.401000	0.735807
-0.400000	0.737036
-0.399000	0.738263
-0.398000	0.739488
-0.397000	0.740711
-0.396000	0.741932
-0.395000	0.743150
-0.394000	0.744367
-0.393000	0.745581
-0.392000	0.746792
-0.391000	0.748002
-0.390000	0.749209
-0.389000	0.750414
-0.388000	0.751617
-0.387000	0.752817
-0.386000	0.754016
-0.385000	0.755211
-0.384000	0.756405
-0.383000	0.757596
-0.382000	0.758785
-0.381000	0.759972
-0.380000	0.761156
-0.379000	0.762338
-0.378000	0.763518
-0.377000	0.764695
-0.376000	0.765870
-0.375000	0.767043
-0.374000	0.768213
-0.373000	0.769381
-0.372000	0.770547
-0.371000	0.771710
-0.370000	0.772871
-0.369000	0.774029
-0.368000	0.775185
-0.367000	0.776339
-0.366000	0.777490
-0.365000	0.778639
-0.364000	0.779785
-0.363000	0.780929
-0.362000	0.782071
-0.361000	0.783210
-0.360000	0.784347
-0.359000	0.785481
-0.358000	0.786613
-0.357000	0.787742
-0.356000	0.788869
-0.355000	0.789993
-0.354000	0.791115
-0.353000	0.792234
-0.352000	0.793351
-0.351000	0.794466
-0.350000	0.795577
-0.349000	0.796687
-0.348000	0.797794
-0.347000	0.798898
-0.346000	0.800000
-0.345000	0.801099
-0.344000	0.802196
-0.343000	0.803290
-0.342000	0.804382
-0.341000	0.805471
-0.340000	0.806557
-0.339000	0.807641
-0.338000	0.808723
-0.337000	0.809802
-0.336000	0.810878
-0.335000	0.811952
-0.334000	0.813023
-0.333000	0.814091
-0.332000	0.815157
-0.331000	0.816220
-0.330000	0.817281
-0.329000	0.818339
-0.328000	0.819394
-0.327000	0.820447
-0.326000	0.821497
-0.325000	0.822544
-0.324000	0.823589
-0.323000	0.824631
-0.322000	0.825671
-0.321000	0.826708
-0.320000	0.827742
-0.319000	0.828773
-0.318000	0.829802
-0.317000	0.830828
-0.316000	0.831852
-0.315000	0.832873
-0.314000	0.833891
-0.313000	0.834906
-0.312000	0.835919
-0.311000	0.836928
-0.310000	0.837936
-0.309000	0.838940
-0.308000	0.839942
-0.307000	0.840941
-0.306000	0.841937
-0.305000	0.842931
-0.304000	0.843921
-0.303000	0.844909
-0.302000	0.845895
-0.301000	0.846877
-0.300000	0.847857
-0.299000	0.848834
-0.298000	0.849808
-0.297000	0.850779
-0.296000	0.851748
-0.295000	0.852713
-0.294000	0.853676
-0.293000	0.854636
-0.292000	0.855594
-0.291000	0.856548
-0.290000	0.857500
-0.289000	0.858449
-0.288000	0.859395
-0.287000	0.860338
-0.286000	0.861278
-0.285000	0.862216
-0.284000	0.863151
-0.283000	0.864082
-0.282000	0.865011
-0.281000	0.865937
-0.280000	0.866861
-0.279000	0.867781
-0.278000	0.868699
-0.277000	0.869613
-0.276000	0.870525
-0.275000	0.871434
-0.274000	0.872340
-0.273000	0.873243
-0.272000	0.874143
-0.271000	0.875040
-0.270000	0.875934
-0.269000	0.876826
-0.268000	0.877714
-0.267000	0.878600
-0.266000	0.879482
-0.265000	0.880362
-0.264000	0.881239
-0.263000	0.882112
-0.262000	0.882983
-0.261000	0.883851
-0.260000	0.884716
-0.259000	0.885578
-0.258000	0.886437
-0.257000	0.887293
-0.256000	0.888146
-0.255000	0.888996
-0.254000	0.889844
-0.253000	0.890688
-0.252000	0.891529
-0.251000	0.892367
-0.250000	0.893202
-0.249000	0.894034
-0.248000	0.894863
-0.247000	0.895690
-0.246000	0.896513
-0.245000	0.897333
-0.244000	0.898150
-0.243000	0.898964
-0.242000	0.899775
-0.241000	0.900583
-0.240000	0.901388
-0.239000	0.902190
-0.238000	0.902989
-0.237000	0.903785
-0.236000	0.904577
-0.235000	0.905367
-0.234000	0.906154
-0.233000	0.906937
-0.232000	0.907718
-0.231000	0.908495
-0.230000	0.909270
-0.229000	0.910041
-0.228000	0.910809
-0.227000	0.911574
-0.226000	0.912336
-0.225000	0.913095
-0.224000	0.913851
-0.223000	0.914604
-0.222000	0.915354
-0.221000	0.916100
-0.220000	0.916844
-0.219000	0.917584
-0.218000	0.918321
-0.217000	0.919055
-0.216000	0.919786
-0.215000	0.920514
-0.214000	0.921239
-0.213000	0.921960
-0.212000	0.922679
-0.211000	0.923394
-0.210000	0.924106
-0.209000	0.924815
-0.208000	0.925521
-0.207000	0.926224
-0.206000	0.926923
-0.205000	0.927619
-0.204000	0.928313
-0.203000	0.929003
-0.202000	0.929689
-0.201000	0.930373
-0.200000	0.931054
-0.199000	0.931731
-0.198000	0.932405
-0.197000	0.933076
-0.196000	0.933744
-0.195000	0.934408
-0.194000	0.935070
-0.193000	0.935728
-0.192000	0.936383
-0.191000	0.937034
-0.190000	0.937683
-0.189000	0.938328
-0.188000	0.938970
-0.187000	0.939609
-0.186000	0.940245
-0.185000	0.940877
-0.184000	0.941506
-0.183000	0.942132
-0.182000	0.942755
-0.181000	0.943375
-0.180000	0.943991
-0.179000	0.944604
-0.178000	0.945214
-0.177000	0.945820
-0.176000	0.946423
-0.175000	0.947023
-0.174000	0.947620
-0.173000	0.948214
-0.172000	0.948804
-0.171000	0.949391
-0.170000	0.949974
-0.169000	0.950555
-0.168000	0.951132
-0.167000	0.951706
-0.166000	0.952276
-0.165000	0.952844
-0.164000	0.953408
-0.163000	0.953969
-0.162000	0.954526
-0.161000	0.955080
-0.160000	0.955631
-0.159000	0.956179
-0.158000	0.956723
-0.157000	0.957264
-0.156000	0.957801
-0.155000	0.958336
-0.154000	0.958867
-0.153000	0.959395
-0.152000	0.959919
-0.151000	0.960440
-0.150000	0.960958
-0.149000	0.961472
-0.148000	0.961983
-0.147000	0.962491
-0.146000	0.962996
-0.145000	0.963497
-0.144000	0.963995
-0.143000	0.964489
-0.142000	0.964980
-0.141000	0.965468
-0.140000	0.965953
-0.139000	0.966434
-0.138000	0.966911
-0.137000	0.967386
-0.136000	0.967857
-0.135000	0.968325
-0.134000	0.968789
-0.133000	0.969250
-0.132000	0.969708
-0.131000	0.970162
-0.130000	0.970613
-0.129000	0.971060
-0.128000	0.971504
-0.127000	0.971945
-0.126000	0.972383
-0.125000	0.972817
-0.124000	0.973247
-0.123000	0.973675
-0.122000	0.974099
-0.121000	0.974519
-0.120000	0.974936
-0.119000	0.975350
-0.118000	0.975760
-0.117000	0.976167
-0.116000	0.976571
-0.115000	0.976971
-0.114000	0.977368
-0.113000	0.977761
-0.112000	0.978151
-0.111000	0.978538
-0.110000	0.978921
-0.109000	0.979301
-0.108000	0.979677
-0.107000	0.980050
-0.106000	0.980420
-0.105000	0.980786
-0.104000	0.981149
-0.103000	0.981508
-0.102000	0.981864
-0.101000	0.982217
-0.100000	0.982566
-0.099000	0.982911
-0.098000	0.983254
-0.097000	0.983592
-0.096000	0.983928
-0.095000	0.984260
-0.094000	0.984588
-0.093000	0.984913
-0.092000	0.985235
-0.091000	0.985553
-0.090000	0.985868
-0.089000	0.986179
-0.088000	0.986487
-0.087000	0.986792
-0.086000	0.987093
-0.085000	0.987391
-0.084000	0.987685
-0.083000	0.987975
-0.082000	0.988263
-0.081000	0.988547
-0.080000	0.988827
-0.079000	0.989104
-0.078000	0.989377
-0.077000	0.989647
-0.076000	0.989914
-0.075000	0.990177
-0.074000	0.990437
-0.073000	0.990693
-0.072000	0.990946
-0.071000	0.991195
-0.070000	0.991441
-0.069000	0.991683
-0.068000	0.991922
-0.067000	0.992157
-0.066000	0.992389
-0.065000	0.992618
-0.064000	0.992843
-0.063000	0.993065
-0.062000	0.993283
-0.061000	0.993497
-0.060000	0.993709
-0.059000	0.993916
-0.058000	0.994120
-0.057000	0.994321
-0.056000	0.994518
-0.055000	0.994712
-0.054000	0.994903
-0.053000	0.995089
-0.052000	0.995273
-0.051000	0.995453
-0.050000	0.995629
-0.049000	0.995802
-0.048000	0.995971
-0.047000	0.996137
-0.046000	0.996300
-0.045000	0.996459
-0.044000	0.996614
-0.043000	0.996766
-0.042000	0.996915
-0.041000	0.997060
-0.040000	0.997202
-0.039000	0.997340
-0.038000	0.997474
-0.037000	0.997605
-0.036000	0.997733
-0.035000	0.997857
-0.034000	0.997978
-0.033000	0.998095
-0.032000	0.998209
-0.031000	0.998319
-0.030000	0.998426
-0.029000	0.998529
-0.028000	0.998628
-0.027000	0.998725
-0.026000	0.998817
-0.025000	0.998907
-0.024000	0.998992
-0.023000	0.999074
-0.022000	0.999153
-0.021000	0.999228
-0.020000	0.999300
-0.019000	0.999368
-0.018000	0.999433
-0.017000	0.999494
-0.016000	0.999552
-0.015000	0.999606
-0.014000	0.999657
-0.013000	0.999704
-0.012000	0.999748
-0.011000	0.999788
-0.010000	0.999825
-0.009000	0.999858
-0.008000	0.999888
-0.007000	0.999914
-0.006000	0.999937
-0.005000	0.999956
-0.004000	0.999972
-0.003000	0.999984
-0.002000	0.999993
-0.001000	0.999998
0.000000	1.000000
0.001000	0.999998
0.002000	0.999993
0.003000	0.999984
0.004000	0.999972
0.005000	0.999956
0.006000	0.999937
0.007000	0.999914
0.008000	0.999888
0.009000	0.999858
0.010000	0.999825
0.011000	0.999788
0.012000	0.999748
0.013000	0.999704
0.014000	0.999657
0.015000	0.999606
0.016000	0.999552
0.017000	0.999494
0.018000	0.999433
0.019000	0.999368
0.020000	0.999300
0.021000	0.999228
0.022000	0.999153
0.023000	0.999074
0.024000	0.998992
0.025000	0.998907
0.026000	0.998817
0.027000	0.998725
0.028000	0.998628
0.029000	0.998529
0.030000	0.998426
0.031000	0.998319
0.032000	0.998209
0.033000	0.998095
0.034000	0.997978
0.035000	0.997857
0.036000	0.997733
0.037000	0.997605
0.038000	0.997474
0.039000	0.997340
0.040000	0.997202
0.041000	0.997060
0.042000	0.996915
0.043000	0.996766
0.044000	0.996614
0.045000	0.996459
0.046000	0.996300
0.047000	0.996137
0.048000	0.995971
0.049000	0.995802
0.050000	0.995629
0.051000	0.995453
0.052000	0.995273
0.053000	0.995089
0.054000	0.994903
0.055000	0.994712
0.056000	0.994518
0.057000	0.994321
0.058000	0.994120
0.059000	0.993916
0.060000	0.993709
0.061000	0.993497
0.062000	0.993283
0.063000	0.993065
0.064000	0.992843
0.065000	0.992618
0.066000	0.992389
0.067000	0.992157
0.068000	0.991922
0.069000	0.991683
0.070000	0.991441
0.071000	0.991195
0.072000	0.990946
0.073000	0.990693
0.074000	0.990437
0.075000	0.990177
0.076000	0.989914
0.077000	0.989647
0.078000	0.989377
0.079000	0.989104
0.080000	0.988827
0.081000	0.988547
0.082000	0.988263
0.083000	0.987975
0.084000	0.987685
0.085000	0.987391
0.086000	0.987093
0.087000	0.986792
0.088000	0.986487
0.089000	0.986179
0.090000	0.985868
0.091000	0.985553
0.092000	0.985235
0.093000	0.984913
0.094000	0.984588
0.095000	0.984260
0.096000	0.983928
0.097000	0.983592
0.098000	0.983254
0.099000	0.982911
0.100000	0.982566
0.101000	0.982217
0.102000	0.981864
0.103000	0.981508
0.104000	0.981149
0.105000	0.980786
0.106000	0.980420
0.107000	0.980050
0.108000	0.979677
0.109000	0.979301
0.110000	0.978921
0.111000	0.978538
0.112000	0.978151
0.113000	0.977761
0.114000	0.977368
0.115000	0.976971
0.116000	0.976571
0.117000	0.976167
0.118000	0.975760
0.119000	0.975350
0.120000	0.974936
0.121000	0.974519
0.122000	0.974099
0.123000	0.973675
0.124000	0.973247
0.125000	0.972817
0.126000	0.972383
0.127000	0.971945
0.128000	0.971504
0.129000	0.971060
0.130000	0.970613
0.131000	0.970162
0.132000	0.969708
0.133000	0.969250
0.134000	0.968789
0.135000	0.968325
0.136000	0.967857
0.137000	0.967386
0.138000	0.966911
0.139000	0.966434
0.140000	0.965953
0.141000	0.965468
0.142000	0.964980
0.143000	0.964489
0.144000	0.963995
0.145000	0.963497
0.146000	0.962996
0.147000	0.962491
0.148000	0.961983
0.149000	0.961472
0.150000	0.960958
0.151000	0.960440
0.152000	0.959919
0.153000	0.959395
0.154000	0.958867
0.155000	0.958336
0.156000	0.957801
0.157000	0.957264
0.158000	0.956723
0.159000	0.956179
0.160000	0.955631
0.161000	0.955080
0.162000	0.954526
0.163000	0.953969
0.164000	0.953408
0.165000	0.952844
0.166000	0.952276
0.167000	0.951706
0.168000	0.951132
0.169000	0.950555
0.170000	0.949974
0.171000	0.949391
0.172000	0.948804
0.173000	0.948214
0.174000	0.947620
0.175000	0.947023
0.176000	0.946423
0.177000	0.945820
0.178000	0.945214
0.179000	0.944604
0.180000	0.943991
0.181000	0.943375
0.182000	0.942755
0.183000	0.942132
0.184000	0.941506
0.185000	0.940877
0.186000	0.940245
0.187000	0.939609
0.188000	0.938970
0.189000	0.938328
0.190000	0.937683
0.191000	0.937034
0.192000	0.936383
0.193000	0.935728
0.194000	0.935070
0.195000	0.934408
0.196000	0.933744
0.197000	0.933076
0.198000	0.932405
0.199000	0.931731
0.200000	0.931054
0.201000	0.930373
0.202000	0.929689
0.203000	0.929003
0.204000	0.928313
0.205000	0.927619
0.206000	0.926923
0.207000	0.926224
0.208000	0.925521
0.209000	0.924815
0.210000	0.924106
0.211000	0.923394
0.212000	0.922679
0.213000	0.921960
0.214000	0.921239
0.215000	0.920514
0.216000	0.919786
0.217000	0.919055
0.218000	0.918321
0.219000	0.917584
0.220000	0.916844
0.221000	0.916100
0.222000	0.915354
0.223000	0.914604
0.224000	0.913851
0.225000	0.913095
0.226000	0.912336
0.227000	0.911574
0.228000	0.910809
0.229000	0.910041
0.230000	0.909270
0.231000	0.908495
0.232000	0.907718
0.233000	0.906937
0.234000	0.906154
0.235000	0.905367
0.236000	0.904577
0.237000	0.903785
0.238000	0.902989
0.239000	0.902190
0.240000	0.901388
0.241000	0.900583
0.242000	0.899775
0.243000	0.898964
0.244000	0.898150
0.245000	0.897333
0.246000	0.896513
0.247000	0.895690
0.248000	0.894863
0.249000	0.894034
0.250000	0.893202
0.251000	0.892367
0.252000	0.891529
0.253000	0.890688
0.254000	0.889844
0.255000	0.888996
0.256000	0.888146
0.257000	0.887293
0.258000	0.886437
0.259000	0.885578
0.260000	0.884716
0.261000	0.883851
0.262000	0.882983
0.263000	0.882112
0.264000	0.881239
0.265000	0.880362
0.266000	0.879482
0.267000	0.878600
0.268000	0.877714
0.269000	0.876826
0.270000	0.875934
0.271000	0.875040
0.272000	0.874143
0.273000	0.873243
0.274000	0.872340
0.275000	0.871434
0.276000	0.870525
0.277000	0.869613
0.278000	0.868699
0.279000	0.867781
0.280000	0.866861
0.281000	0.865937
0.282000	0.865011
0.283000	0.864082
0.284000	0.863151
0.285000	0.862216
0.286000	0.861278
0.287000	0.860338
0.288000	0.859395
0.289000	0.858449
0.290000	0.857500
0.291000	0.856548
0.292000	0.855594
0.293000	0.854636
0.294000	0.853676
0.295000	0.852713
0.296000	0.851748
0.297000	0.850779
0.298000	0.849808
0.299000	0.848834
0.300000	0.847857
0.301000	0.846877
0.302000	0.845895
0.303000	0.844909
0.304000	0.843921
0.305000	0.842931
0.306000	0.841937
0.307000	0.840941
0.308000	0.839942
0.309000	0.838940
0.310000	0.837936
0.311000	0.836928
0.312000	0.835919
0.313000	0.834906
0.314000	0.833891
0.315000	0.832873
0.316000	0.831852
0.317000	0.830828
0.318000	0.829802
0.319000	0.828773
0.320000	0.827742
0.321000	0.826708
0.322000	0.825671
0.323000	0.824631
0.324000	0.823589
0.325000	0.822544
0.326000	0.821497
0.327000	0.820447
0.328000	0.819394
0.329000	0.818339
0.330000	0.817281
0.331000	0.816220
0.332000	0.815157
0.333000	0.814091
0.334000	0.813023
0.335000	0.811952
0.336000	0.810878
0.337000	0.809802
0.338000	0.808723
0.339000	0.807641
0.340000	0.806557
0.341000	0.805471
0.342000	0.804382
0.343000	0.803290
0.344000	0.802196
0.345000	0.801099
0.346000	0.800000
0.347000	0.798898
0.348000	0.797794
0.349000	0.796687
0.350000	0.795577
0.351000	0.794466
0.352000	0.793351
0.353000	0.792234
0.354000	0.791115
0.355000	0.789993
0.356000	0.788869
0.357000	0.787742
0.358000	0.786613
0.359000	0.785481
0.360000	0.784347
0.361000	0.783210
0.362000	0.782071
0.363000	0.780929
0.364000	0.779785
0.365000	0.778639
0.366000	0.777490
0.367000	0.776339
0.368000	0.775185
0.369000	0.774029
0.370000	0.772871
0.371000	0.771710
0.372000	0.770547
0.373000	0.769381
0.374000	0.768213
0.375000	0.767043
0.376000	0.765870
0.377000	0.764695
0.378000	0.763518
0.379000	0.762338
0.380000	0.761156
0.381000	0.759972
0.382000	0.758785
0.383000	0.757596
0.384000	0.756405
0.385000	0.755211
0.386000	0.754016
0.387000	0.752817
0.388000	0.751617
0.389000	0.750414
0.390000	0.749209
0.391000	0.748002
0.392000	0.746792
0.393000	0.745581
0.394000	0.744367
0.395000	0.743150
0.396000	0.741932
0.397000	0.740711
0.398000	0.739488
0.399000	0.738263
0.400000	0.737036
0.401000	0.735807
0.402000	0.734575
0.403000	0.733341
0.404000	0.732105
0.405000	0.730867
0.406000	0.729626
0.407000	0.728384
0.408000	0.727139
0.409000	0.725893
0.410000	0.724644
0.411000	0.723393
0.412000	0.722139
0.413000	0.720884
0.414000	0.719627
0.415000	0.718367
0.416000	0.717106
0.417000	0.715842
0.418000	0.714576
0.419000	0.713309
0.420000	0.712039
0.421000	0.710767
0.422000	0.709493
0.423000	0.708217
0.424000	0.706939
0.425000	0.705659
0.426000	0.704377
0.427000	0.703093
0.428000	0.701807
0.429000	0.700518
0.430000	0.699228
0.431000	0.697936
0.432000	0.696642
0.433000	0.695346
0.434000	0.694048
0.435000	0.692749
0.436000	0.691447
0.437000	0.690143
0.438000	0.688837
0.439000	0.687530
0.440000	0.686220
0.441000	0.684909
0.442000	0.683595
0.443000	0.682280
0.444000	0.680963
0.445000	0.679644
0.446000	0.678323
0.447000	0.677000
0.448000	0.675676
0.449000	0.674349
0.450000	0.673021
0.451000	0.671691
0.452000	0.670359
0.453000	0.669025
0.454000	0.667690
0.455000	0.666353
0.456000	0.665014
0.457000	0.663673
0.458000	0.662330
0.459000	0.660986
0.460000	0.659639
0.461000	0.658291
0.462000	0.656942
0.463000	0.655590
0.464000	0.654237
0.465000	0.652882
0.466000	0.651526
0.467000	0.650168
0.468000	0.648808
0.469000	0.647446
0.470000	0.646083
0.471000	0.644718
0.472000	0.643351
0.473000	0.641983
0.474000	0.640613
0.475000	0.639241
0.476000	0.637868
0.477000	0.636493
0.478000	0.635117
0.479000	0.633739
0.480000	0.632359
0.481000	0.630978
0.482000	0.629595
0.483000	0.628211
0.484000	0.626825
0.485000	0.625438
0.486000	0.624049
0.487000	0.622658
0.488000	0.621266
0.489000	0.619872
0.490000	0.618477
0.491000	0.617081
0.492000	0.615683
0.493000	0.614283
0.494000	0.612882
0.495000	0.611480
0.496000	0.610076
0.497000	0.608670
0.498000	0.607264
0.499000	0.605855
0.500000	0.604446
0.501000	0.603035
0.502000	0.601622
0.503000	0.600208
0.504000	0.598793
0.505000	0.597376
0.506000	0.595958
0.507000	0.594539
0.508000	0.593118
0.509000	0.591696
0.510000	0.590273
0.511000	0.588848
0.512000	0.587422
0.513000	0.585995
0.514000	0.584566
0.515000	0.583136
0.516000	0.581705
0.517000	0.580273
0.518000	0.578839
0.519000	0.577404
0.520000	0.575968
0.521000	0.574531
0.522000	0.573092
0.523000	0.571652
0.524000	0.570211
0.525000	0.568769
0.526000	0.567326
0.527000	0.565881
0.528000	0.564436
0.529000	0.562989
0.530000	0.561541
0.531000	0.560092
0.532000	0.558641
0.533000	0.557190
0.534000	0.555738
0.535000	0.554284
0.536000	0.552829
0.537000	0.551374
0.538000	0.549917
0.539000	0.548459
0.540000	0.547000
0.541000	0.545540
0.542000	0.544079
0.543000	0.542617
0.544000	0.541154
0.545000	0.539691
0.546000	0.538226
0.547000	0.536760
0.548000	0.535293
0.549000	0.533825
0.550000	0.532356
0.551000	0.530887
0.552000	0.529416
0.553000	0.527944
0.554000	0.526472
0.555000	0.524999
0.556000	0.523524
0.557000	0.522049
0.558000	0.520573
0.559000	0.519097
0.560000	0.517619
0.561000	0.516141
0.562000	0.514661
0.563000	0.513181
0.564000	0.511700
0.565000	0.510219
0.566000	0.508736
0.567000	0.507253
0.568000	0.505769
0.569000	0.504284
0.570000	0.502799
0.571000	0.501313
0.572000	0.499826
0.573000	0.498338
0.574000	0.496850
0.575000	0.495361
0.576000	0.493871
0.577000	0.492381
0.578000	0.490890
0.579000	0.489398
0.580000	0.487906
0.581000	0.486413
0.582000	0.484920
0.583000	0.483426
0.584000	0.481931
0.585000	0.480436
0.586000	0.478940
0.587000	0.477444
0.588000	0.475947
0.589000	0.474450
0.590000	0.472952
0.591000	0.471453
0.592000	0.469954
0.593000	0.468455
0.594000	0.466955
0.595000	0.465455
0.596000	0.463954
0.597000	0.462453
0.598000	0.460951
0.599000	0.459449
0.600000	0.457947
0.601000	0.456444
0.602000	0.454941
0.603000	0.453437
0.604000	0.451933
0.605000	0.450429
0.606000	0.448924
0.607000	0.447419
0.608000	0.445914
0.609000	0.444409
0.610000	0.442903
0.611000	0.441397
0.612000	0.439890
0.613000	0.438384
0.614000	0.436877
0.615000	0.435370
0.616000	0.433862
0.617000	0.432355
0.618000	0.430847
0.619000	0.429339
0.620000	0.427831
0.621000	0.426323
0.622000	0.424815
0.623000	0.423306
0.624000	0.421798
0.625000	0.420289
0.626000	0.418780
0.627000	0.417271
0.628000	0.415763
0.629000	0.414254
0.630000	0.412745
0.631000	0.411235
0.632000	0.409726
0.633000	0.408217
0.634000	0.406708
0.635000	0.405199
0.636000	0.403690
0.637000	0.402181
0.638000	0.400672
0.639000	0.399163
0.640000	0.397655
0.641000	0.396146
0.642000	0.394637
0.643000	0.393129
0.644000	0.391621
0.645000	0.390113
0.646000	0.388605
0.647000	0.387097
0.648000	0.385589
0.649000	0.384082
0.650000	0.382574
0.651000	0.381067
0.652000	0.379561
0.653000	0.378054
0.654000	0.376548
0.655000	0.375042
0.656000	0.373536
0.657000	0.372031
0.658000	0.370526
0.659000	0.369021
0.660000	0.367517
0.661000	0.366013
0.662000	0.364509
0.663000	0.363006
0.664000	0.361503
0.665000	0.360001
0.666000	0.358499
0.667000	0.356997
0.668000	0.355496
0.669000	0.353995
0.670000	0.352495
0.671000	0.350996
0.672000	0.349496
0.673000	0.347998
0.674000	0.346500
0.675000	0.345002
0.676000	0.343505
0.677000	0.342009
0.678000	0.340513
0.679000	0.339018
0.680000	0.337523
0.681000	0.336029
0.682000	0.334536
0.683000	0.333043
0.684000	0.331552
0.685000	0.330060
0.686000	0.328570
0.687000	0.327080
0.688000	0.325591
0.689000	0.324103
0.690000	0.322615
0.691000	0.321128
0.692000	0.319642
0.693000	0.318157
0.694000	0.316673
0.695000	0.315189
0.696000	0.313707
0.697000	0.312225
0.698000	0.310744
0.699000	0.309264
0.700000	0.307785
0.701000	0.306307
0.702000	0.304830
0.703000	0.303354
0.704000	0.301879
0.705000	0.300404
0.706000	0.298931
0.707000	0.297459
0.708000	0.295988
0.709000	0.294518
0.710000	0.293049
0.711000	0.291581
0.712000	0.290114
0.713000	0.288648
0.714000	0.287184
0.715000	0.285720
0.716000	0.284258
0.717000	0.282797
0.718000	0.281337
0.719000	0.279878
0.720000	0.278421
0.721000	0.276964
0.722000	0.275509
0.723000	0.274056
0.724000	0.272603
0.725000	0.271152
0.726000	0.269702
0.727000	0.268254
0.728000	0.266807
0.729000	0.265361
0.730000	0.263917
0.731000	0.262474
0.732000	0.261033
0.733000	0.259593
0.734000	0.258154
0.735000	0.256717
0.736000	0.255281
0.737000	0.253847
0.738000	0.252415
0.739000	0.250983
0.740000	0.249554
0.741000	0.248126
0.742000	0.246700
0.743000	0.245275
0.744000	0.243852
0.745000	0.242431
0.746000	0.241011
0.747000	0.239593
0.748000	0.238176
0.749000	0.236762
0.750000	0.235349
0.751000	0.233937
0.752000	0.232528
0.753000	0.231120
0.754000	0.229714
0.755000	0.228310
0.756000	0.226908
0.757000	0.225508
0.758000	0.224109
0.759000	0.222713
0.760000	0.221318
0.761000	0.219925
0.762000	0.218534
0.763000	0.217146
0.764000	0.215759
0.765000	0.214374
0.766000	0.212991
0.767000	0.211610
0.768000	0.210232
0.769000	0.208855
0.770000	0.207480
0.771000	0.206108
0.772000	0.204738
0.773000	0.203369
0.774000	0.202003
0.775000	0.200640
0.776000	0.199278
0.777000	0.197919
0.778000	0.196561
0.779000	0.195207
0.780000	0.193854
0.781000	0.192504
0.782000	0.191156
0.783000	0.189810
0.784000	0.188467
0.785000	0.187126
0.786000	0.185788
0.787000	0.184452
0.788000	0.183118
0.789000	0.181787
0.790000	0.180458
0.791000	0.179132
0.792000	0.177808
0.793000	0.176487
0.794000	0.175169
0.795000	0.173853
0.796000	0.172540
0.797000	0.171229
0.798000	0.169921
0.799000	0.168616
0.800000	0.167313
0.801000	0.166013
0.802000	0.164716
0.803000	0.163421
0.804000	0.162130
0.805000	0.160841
0.806000	0.159555
0.807000	0.158271
0.808000	0.156991
0.809000	0.155713
0.810000	0.154439
0.811000	0.153167
0.812000	0.151898
0.813000	0.150633
0.814000	0.149370
0.815000	0.148110
0.816000	0.146853
0.817000	0.145600
0.818000	0.144349
0.819000	0.143102
0.820000	0.141857
0.821000	0.140616
0.822000	0.139378
0.823000	0.138143
0.824000	0.136912
0.825000	0.135683
0.826000	0.134458
0.827000	0.133236
0.828000	0.132018
0.829000	0.130803
0.830000	0.129591
0.831000	0.128383
0.832000	0.127178
0.833000	0.125976
0.834000	0.124778
0.835000	0.123583
0.836000	0.122392
0.837000	0.121205
0.838000	0.120021
0.839000	0.118840
0.840000	0.117663
0.841000	0.116490
0.842000	0.115321
0.843000	0.114155
0.844000	0.112993
0.845000	0.111834
0.846000	0.110679
0.847000	0.109528
0.848000	0.108381
0.849000	0.107238
0.850000	0.106099
0.851000	0.104963
0.852000	0.103832
0.853000	0.102704
0.854000	0.101580
0.855000	0.100461
0.856000	0.099345
0.857000	0.098233
0.858000	0.097126
0.859000	0.096022
0.860000	0.094923
0.861000	0.093828
0.862000	0.092737
0.863000	0.091650
0.864000	0.090568
0.865000	0.089489
0.866000	0.088416
0.867000	0.087346
0.868000	0.086281
0.869000	0.085220
0.870000	0.084163
0.871000	0.083112
0.872000	0.082064
0.873000	0.081021
0.874000	0.079983
0.875000	0.078949
0.876000	0.077919
0.877000	0.076895
0.878000	0.075875
0.879000	0.074859
0.880000	0.073849
0.881000	0.072843
0.882000	0.071842
0.883000	0.070846
0.884000	0.069854
0.885000	0.068868
0.886000	0.067886
0.887000	0.066910
0.888000	0.065938
0.889000	0.064971
0.890000	0.064010
0.891000	0.063053
0.892000	0.062102
0.893000	0.061155
0.894000	0.060214
0.895000	0.059279
0.896000	0.058348
0.897000	0.057423
0.898000	0.056503
0.899000	0.055588
0.900000	0.054679
0.901000	0.053775
0.902000	0.052877
0.903000	0.051984
0.904000	0.051097
0.905000	0.050215
0.906000	0.049339
0.907000	0.048468
0.908000	0.047604
0.909000	0.046745
0.910000	0.045892
0.911000	0.045044
0.912000	0.044203
0.913000	0.043367
0.914000	0.042537
0.915000	0.041714
0.916000	0.040896
0.917000	0.040084
0.918000	0.039279
0.919000	0.038480
0.920000	0.037686
0.921000	0.036899
0.922000	0.036119
0.923000	0.035345
0.924000	0.034577
0.925000	0.033815
0.926000	0.033060
0.927000	0.032312
0.928000	0.031570
0.929000	0.030834
0.930000	0.030106
0.931000	0.029384
0.932000	0.028668
0.933000	0.027960
0.934000	0.027258
0.935000	0.026564
0.936000	0.025876
0.937000	0.025195
0.938000	0.024522
0.939000	0.023855
0.940000	0.023196
0.941000	0.022544
0.942000	0.021900
0.943000	0.021262
0.944000	0.020632
0.945000	0.020010
0.946000	0.019395
0.947000	0.018788
0.948000	0.018188
0.949000	0.017596
0.950000	0.017012
0.951000	0.016436
0.952000	0.015868
0.953000	0.015307
0.954000	0.014755
0.955000	0.014211
0.956000	0.013675
0.957000	0.013148
0.958000	0.012629
0.959000	0.012118
0.960000	0.011616
0.961000	0.011122
0.962000	0.010638
0.963000	0.010162
0.964000	0.009695
0.965000	0.009236
0.966000	0.008787
0.967000	0.008348
0.968000	0.007917
0.969000	0.007496
0.970000	0.007084
0.971000	0.006682
0.972000	0.006289
0.973000	0.005907
0.974000	0.005534
0.975000	0.005172
0.976000	0.004819
0.977000	0.004477
0.978000	0.004146
0.979000	0.003825
0.980000	0.003515
0.981000	0.003216
0.982000	0.002929
0.983000	0.002652
0.984000	0.002387
0.985000	0.002134
0.986000	0.001893
0.987000	0.001664
0.988000	0.001448
0.989000	0.001245
0.990000	0.001054
0.991000	0.000878
0.992000	0.000715
0.993000	0.000566
0.994000	0.000433
0.995000	0.000315
0.996000	0.000213
0.997000	0.000129
0.998000	0.000064
0.999000	0.000019
1.000000	0.000000
1.001000	0.000000
1.002000	0.000000
1.003000	0.000000
1.004000	0.000000
1.005000	0.000000
1.006000	0.000000
1.007000	0.000000
1.008000	0.000000
1.009000	0.000000
1.010000	0.000000
1.011000	0.000000
1.012000	0.000000
1.013000	0.000000
1.014000	0.000000
1.015000	0.000000
1.016000	0.000000
1.017000	0.000000
1.018000	0.000000
1.019000	0.000000
1.020000	0.000000
1.021000	0.000000
1.022000	0.000000
1.023000	0.000000
1.024000	0.000000
1.025000	0.000000
1.026000	0.000000
1.027000	0.000000
1.028000	0.000000
1.029000	0.000000
1.030000	0.000000
1.031000	0.000000
1.032000	0.000000
1.033000	0.000000
1.034000	0.000000
1.035000	0.000000
1.036000	0.000000
1.037000	0.000000
1.038000	0.000000
1.039000	0.000000
1.040000	0.000000
1.041000	0.000000
1.042000	0.000000
1.043000	0.000000
1.044000	0.000000
1.045000	0.000000
1.046000	0.000000
1.047000	0.000000
1.048000	0.000000
1.049000	0.000000
1.050000	0.000000
1.051000	0.000000
1.052000	0.000000
1.053000	0.000000
1.054000	0.000000
1.055000	0.000000
1.056000	0.000000
1.057000	0.000000
1.058000	0.000000
1.059000	0.000000
1.060000	0.000000
1.061000	0.000000
1.062000	0.000000
1.063000	0.000000
1.064000	0.000000
1.065000	0.000000
1.066000	0.000000
1.067000	0.000000
1.068000	0.000000
1.069000	0.000000
1.070000	0.000000
1.071000	0.000000
1.072000	0.000000
1.073000	0.000000
1.074000	0.000000
1.075000	0.000000
1.076000	0.000000
1.077000	0.000000
1.078000	0.000000
1.079000	0.000000
1.080000	0.000000
1.081000	0.000000
1.082000	0.000000
1.083000	0.000000
1.084000	0.000000
1.085000	0.000000
1.086000	0.000000
1.087000	0.000000
1.088000	0.000000
1.089000	0.000000
1.090000	0.000000
1.091000	0.000000
1.092000	0.000000
1.093000	0.000000
1.094000	0.000000
1.095000	0.000000
1.096000	0.000000
1.097000	0.000000
1.098000	0.000000
1.099000	0.000000
1.100000	0.000000
1.101000	0.000000
1.102000	0.000000
1.103000	0.000000
1.104000	0.000000
1.105000	0.000000
1.106000	0.000000
1.107000	0.000000
1.108000	0.000000
1.109000	0.000000
1.110000	0.000000
1.111000	0.000000
1.112000	0.000000
1.113000	0.000000
1.114000	0.000000
1.115000	0.000000
1.116000	0.000000
1.117000	0.000000
1.118000	0.000000
1.119000	0.000000
1.120000	0.000000
1.121000	0.000000
1.122000	0.000000
1.123000	0.000000
1.124000	0.000000
1.125000	0.000000
1.126000	0.000000
1.127000	0.000000
1.128000	0.000000
1.129000	0.000000
1.130000	0.000000
1.131000	0.000000
1.132000	0.000000
1.133000	0.000000
1.134000	0.000000
1.135000	0.000000
1.136000	0.000000
1.137000	0.000000
1.138000	0.000000
1.139000	0.000000
1.140000	0.000000
1.141000	0.000000
1.142000	0.000000
1.143000	0.000000
1.144000	0.000000
1.145000	0.000000
1.146000	0.000000
1.147000	0.000000
1.148000	0.000000
1.149000	0.000000
1.150000	0.000000
1.151000	0.000000
1.152000	0.000000
1.153000	0.000000
1.154000	0.000000
1.155000	0.000000
1.156000	0.000000
1.157000	0.000000
1.158000	0.000000
1.159000	0.000000
1.160000	0.000000
1.161000	0.000000
1.162000	0.000000
1.163000	0.000000
1.164000	0.000000
1.165000	0.000000
1.166000	0.000000
1.167000	0.000000
1.168000	0.000000
1.169000	0.000000
1.170000	0.000000
1.171000	0.000000
1.172000	0.000000
1.173000	0.000000
1.174000	0.000000
1.175000	0.000000
1.176000	0.000000
1.177000	0.000000
1.178000	0.000000
1.179000	0.000000
1.180000	0.000000
1.181000	0.000000
1.182000	0.000000
1.183000	0.000000
1.184000	0.000000
1.185000	0.000000
1.186000	0.000000
1.187000	0.000000
1.188000	0.000000
1.189000	0.000000
1.190000	0.000000
1.191000	0.000000
1.192000	0.000000
1.193000	0.000000
1.194000	0.000000
1.195000	0.000000
1.196000	0.000000
1.197000	0.000000
1.198000	0.000000
1.199000	0.000000
1.200000	0.000000
1.201000	0.000000
1.202000	0.000000
1.203000	0.000000
1.204000	0.000000
1.205000	0.000000
1.206000	0.000000
1.207000	0.000000
1.208000	0.000000
1.209000	0.000000
1.210000	0.000000
1.211000	0.000000
1.212000	0.000000
1.213000	0.000000
1.214000	0.000000
1.215000	0.000000
1.216000	0.000000
1.217000	0.000000
1.218000	0.000000
1.219000	0.000000
1.220000	0.000000
1.221000	0.000000
1.222000	0.000000
1.223000	0.000000
1.224000	0.000000
1.225000	0.000000
1.226000	0.000000
1.227000	0.000000
1.228000	0.000000
1.229000	0.000000
1.230000	0.000000
1.231000	0.000000
1.232000	0.000000
1.233000	0.000000
1.234000	0.000000
1.235000	0.000000
1.236000	0.000000
1.237000	0.000000
1.238000	0.000000
1.239000	0.000000
1.240000	0.000000
1.241000	0.000000
1.242000	0.000000
1.243000	0.000000
1.244000	0.000000
1.245000	0.000000
1.246000	0.000000
1.247000	0.000000
1.248000	0.000000
1.249000	0.000000
1.250000	0.000000
1.251000	0.000000
1.252000	0.000000
1.253000	0.000000
1.254000	0.000000
1.255000	0.000000
1.256000	0.000000
1.257000	0.000000
1.258000	0.000000
1.259000	0.000000
1.260000	0.000000
1.261000	0.000000
1.262000	0.000000
1.263000	0.000000
1.264000	0.000000
1.265000	0.000000
1.266000	0.000000
1.267000	0.000000
1.268000	0.000000
1.269000	0.000000
1.270000	0.000000
1.271000	0.000000
1.272000	0.000000
1.273000	0.000000
1.274000	0.000000
1.275000	0.000000
1.276000	0.000000
1.277000	0.000000
1.278000	0.000000
1.279000	0.000000
1.280000	0.000000
1.281000	0.000000
1.282000	0.000000
1.283000	0.000000
1.284000	0.000000
1.285000	0.000000
1.286000	0.000000
1.287000	0.000000
1.288000	0.000000
1.289000	0.000000
1.290000	0.000000
1.291000	0.000000
1.292000	0.000000
1.293000	0.000000
1.294000	0.000000
1.295000	0.000000
1.296000	0.000000
1.297000	0.000000
1.298000	0.000000
1.299000	0.000000
1.300000	0.000000
1.301000	0.000000
1.302000	0.000000
1.303000	0.000000
1.304000	0.000000
1.305000	0.000000
1.306000	0.000000
1.307000	0.000000
1.308000	0.000000
1.309000	0.000000
1.310000	0.000000
1.311000	0.000000
1.312000	0.000000
1.313000	0.000000
1.314000	0.000000
1.315000	0.000000
1.316000	0.000000
1.317000	0.000000
1.318000	0.000000
1.319000	0.000000
1.320000	0.000000
1.321000	0.000000
1.322000	0.000000
1.323000	0.000000
1.324000	0.000000
1.325000	0.000000
1.326000	0.000000
1.327000	0.000000
1.328000	0.000000
1.329000	0.000000
1.330000	0.000000
1.331000	0.000000
1.332000	0.000000
1.333000	0.000000
1.334000	0.000000
1.335000	0.000000
1.336000	0.000000
1.337000	0.000000
1.338000	0.000000
1.339000	0.000000
1.340000	0.000000
1.341000	0.000000
1.342000	0.000000
1.343000	0.000000
1.344000	0.000000
1.345000	0.000000
1.346000	0.000000
1.347000	0.000000
1.348000	0.000000
1.349000	0.000000
1.350000	0.000000
1.351000	0.000000
1.352000	0.000000
1.353000	0.000000
1.354000	0.000000
1.355000	0.000000
1.356000	0.000000
1.357000	0.000000
1.358000	0.000000
1.359000	0.000000
1.360000	0.000000
1.361000	0.000000
1.362000	0.000000
1.363000	0.000000
1.364000	0.000000
1.365000	0.000000
1.366000	0.000000
1.367000	0.000000
1.368000	0.000000
1.369000	0.000000
1.370000	0.000000
1.371000	0.000000
1.372000	0.000000
1.373000	0.000000
1.374000	0.000000
1.375000	0.000000
1.376000	0.000000
1.377000	0.000000
1.378000	0.000000
1.379000	0.000000
1.380000	0.000000
1.381000	0.000000
1.382000	0.000000
1.383000	0.000000
1.384000	0.000000
1.385000	0.000000
1.386000	0.000000
1.387000	0.000000
1.388000	0.000000
1.389000	0.000000
1.390000	0.000000
1.391000	0.000000
1.392000	0.000000
1.393000	0.000000
1.394000	0.000000
1.395000	0.000000
1.396000	0.000000
1.397000	0.000000
1.398000	0.000000
1.399000	0.000000
1.400000	0.000000
1.401000	0.000000
1.402000	0.000000
1.403000	0.000000
1.404000	0.000000
1.405000	0.000000
1.406000	0.000000
1.407000	0.000000
1.408000	0.000000
1.409000	0.000000
1.410000	0.000000
1.411000	0.000000
1.412000	0.000000
1.413000	0.000000
1.414000	0.000000
1.415000	0.000000
1.416000	0.000000
1.417000	0.000000
1.418000	0.000000
1.419000	0.000000
1.420000	0.000000
1.421000	0.000000
1.422000	0.000000
1.423000	0.000000
1.424000	0.000000
1.425000	0.000000
1.426000	0.000000
1.427000	0.000000
1.428000	0.000000
1.429000	0.000000
1.430000	0.000000
1.431000	0.000000
1.432000	0.000000
1.433000	0.000000
1.434000	0.000000
1.435000	0.000000
1.436000	0.000000
1.437000	0.000000
1.438000	0.000000
1.439000	0.000000
1.440000	0.000000
1.441000	0.000000
1.442000	0.000000
1.443000	0.000000
1.444000	0.000000
1.445000	0.000000
1.446000	0.000000
1.447000	0.000000
1.448000	0.000000
1.449000	0.000000
1.450000	0.000000
1.451000	0.000000
1.452000	0.000000
1.453000	0.000000
1.454000	0.000000
1.455000	0.000000
1.456000	0.000000
1.457000	0.000000
1.458000	0.000000
1.459000	0.000000
1.460000	0.000000
1.461000	0.000000
1.462000	0.000000
1.463000	0.000000
1.464000	0.000000
1.465000	0.000000
1.466000	0.000000
1.467000	0.000000
1.468000	0.000000
1.469000	0.000000
1.470000	0.000000
1.471000	0.000000
1.472000	0.000000
1.473000	0.000000
1.474000	0.000000
1.475000	0.000000
1.476000	0.000000
1.477000	0.000000
1.478000	0.000000
1.479000	0.000000
1.480000	0.000000
1.481000	0.000000
1.482000	0.000000
1.483000	0.000000
1.484000	0.000000
1.485000	0.000000
1.486000	0.000000
1.487000	0.000000
1.488000	0.000000
1.489000	0.000000
1.490000	0.000000
1.491000	0.000000
1.492000	0.000000
1.493000	0.000000
1.494000	0.000000
1.495000	0.000000
1.496000	0.000000
1.497000	0.000000
1.498000	0.000000
1.499000	0.000000
1.500000	0.000000
1.501000	0.000000
1.502000	0.000000
1.503000	0.000000
1.504000	0.000000
1.505000	0.000000
1.506000	0.000000
1.507000	0.000000
1.508000	0.000000
1.509000	0.000000
1.510000	0.000000
1.511000	0.000000
1.512000	0.000000
1.513000	0.000000
1.514000	0.000000
1.515000	0.000000
1.516000	0.000000
1.517000	0.000000
1.518000	0.000000
1.519000	0.000000
1.520000	0.000000
1.521000	0.000000
1.522000	0.000000
1.523000	0.000000
1.524000	0.000000
1.525000	0.000000
1.526000	0.000000
1.527000	0.000000
1.528000	0.000000
1.529000	0.000000
1.530000	0.000000
1.531000	0.000000
1.532000	0.000000
1.533000	0.000000
1.534000	0.000000
1.535000	0.000000
1.536000	0.000000
1.537000	0.000000
1.538000	0.000000
1.539000	0.000000
1.540000	0.000000
1.541000	0.000000
1.542000	0.000000
1.543000	0.000000
1.544000	0.000000
1.545000	0.000000
1.546000	0.000000
1.547000	0.000000
1.548000	0.000000
1.549000	0.000000
1.550000	0.000000
1.551000	0.000000
1.552000	0.000000
1.553000	0.000000
1.554000	0.000000
1.555000	0.000000
1.556000	0.000000
1.557000	0.000000
1.558000	0.000000
1.559000	0.000000
1.560000	0.000000
1.561000	0.000000
1.562000	0.000000
1.563000	0.000000
1.564000	0.000000
1.565000	0.000000
1.566000	0.000000
1.567000	0.000000
1.568000	0.000000
1.569000	0.000000
1.570000	0.000000
1.571000	0.000000
1.572000	0.000000
1.573000	0.000000
1.574000	0.000000
1.575000	0.000000
1.576000	0.000000
1.577000	0.000000
1.578000	0.000000
1.579000	0.000000
1.580000	0.000000
1.581000	0.000000
1.582000	0.000000
1.583000	0.000000
1.584000	0.000000
1.585000	0.000000
1.586000	0.000000
1.587000	0.000000
1.588000	0.000000
1.589000	0.000000
1.590000	0.000000
1.591000	0.000000
1.592000	0.000000
1.593000	0.000000
1.594000	0.000000
1.595000	0.000000
1.596000	0.000000
1.597000	0.000000
1.598000	0.000000
1.599000	0.000000
1.600000	0.000000
1.601000	0.000000
1.602000	0.000000
1.603000	0.000000
1.604000	0.000000
1.605000	0.000000
1.606000	0.000000
1.607000	0.000000
1.608000	0.000000
1.609000	0.000000
1.610000	0.000000
1.611000	0.000000
1.612000	0.000000
1.613000	0.000000
1.614000	0.000000
1.615000	0.000000
1.616000	0.000000
1.617000	0.000000
1.618000	0.000000
1.619000	0.000000
1.620000	0.000000
1.621000	0.000000
1.622000	0.000000
1.623000	0.000000
1.624000	0.000000
1.625000	0.000000
1.626000	0.000000
1.627000	0.000000
1.628000	0.000000
1.629000	0.000000
1.630000	0.000000
1.631000	0.000000
1.632000	0.000000
1.633000	0.000000
1.634000	0.000000
1.635000	0.000000
1.636000	0.000000
1.637000	0.000000
1.638000	0.000000
1.639000	0.000000
1.640000	0.000000
1.641000	0.000000
1.642000	0.000000
1.643000	0.000000
1.644000	0.000000
1.645000	0.000000
1.646000	0.000000
1.647000	0.000000
1.648000	0.000000
1.649000	0.000000
1.650000	0.000000
1.651000	0.000000
1.652000	0.000000
1.653000	0.000000
1.654000	0.000000
1.655000	0.000000
1.656000	0.000000
1.657000	0.000000
1.658000	0.000000
1.659000	0.000000
1.660000	0.000000
1.661000	0.000000
1.662000	0.000000
1.663000	0.000000
1.664000	0.000000
1.665000	0.000000
1.666000	0.000000
1.667000	0.000000
1.668000	0.000000
1.669000	0.000000
1.670000	0.000000
1.671000	0.000000
1.672000	0.000000
1.673000	0.000000
1.674000	0.000000
1.675000	0.000000
1.676000	0.000000
1.677000	0.000000
1.678000	0.000000
1.679000	0.000000
1.680000	0.000000
1.681000	0.000000
1.682000	0.000000
1.683000	0.000000
1.684000	0.000000
1.685000	0.000000
1.686000	0.000000
1.687000	0.000000
1.688000	0.000000
1.689000	0.000000
1.690000	0.000000
1.691000	0.000000
1.692000	0.000000
1.693000	0.000000
1.694000	0.000000
1.695000	0.000000
1.696000	0.000000
1.697000	0.000000
1.698000	0.000000
1.699000	0.000000
1.700000	0.000000
1.701000	0.000000
1.702000	0.000000
1.703000	0.000000
1.704000	0.000000
1.705000	0.000000
1.706000	0.000000
1.707000	0.000000
1.708000	0.000000
1.709000	0.000000
1.710000	0.000000
1.711000	0.000000
1.712000	0.000000
1.713000	0.000000
1.714000	0.000000
1.715000	0.000000
1.716000	0.000000
1.717000	0.000000
1.718000	0.000000
1.719000	0.000000
1.720000	0.000000
1.721000	0.000000
1.722000	0.000000
1.723000	0.000000
1.724000	0.000000
1.725000	0.000000
1.726000	0.000000
1.727000	0.000000
1.728000	0.000000
1.729000	0.000000
1.730000	0.000000
1.731000	0.000000
1.732000	0.000000
1.733000	0.000000
1.734000	0.000000
1.735000	0.000000
1.736000	0.000000
1.737000	0.000000
1.738000	0.000000
1.739000	0.000000
1.740000	0.000000
1.741000	0.000000
1.742000	0.000000
1.743000	0.000000
1.744000	0.000000
1.745000	0.000000
1.746000	0.000000
1.747000	0.000000
1.748000	0.000000
1.749000	0.000000
1.750000	0.000000
1.751000	0.000000
1.752000	0.000000
1.753000	0.000000
1.754000	0.000000
1.755000	0.000000
1.756000	0.000000
1.757000	0.000000
1.758000	0.000000
1.759000	0.000000
1.760000	0.000000
1.761000	0.000000
1.762000	0.000000
1.763000	0.000000
1.764000	0.000000
1.765000	0.000000
1.766000	0.000000
1.767000	0.000000
1.768000	0.000000
1.769000	0.000000
1.770000	0.000000
1.771000	0.000000
1.772000	0.000000
1.773000	0.000000
1.774000	0.000000
1.775000	0.000000
1.776000	0.000000
1.777000	0.000000
1.778000	0.000000
1.779000	0.000000
1.780000	0.000000
1.781000	0.000000
1.782000	0.000000
1.783000	0.000000
1.784000	0.000000
1.785000	0.000000
1.786000	0.000000
1.787000	0.000000
1.788000	0.000000
1.789000	0.000000
1.790000	0.000000
1.791000	0.000000
1.792000	0.000000
1.793000	0.000000
1.794000	0.000000
1.795000	0.000000
1.796000	0.000000
1.797000	0.000000
1.798000	0.000000
1.799000	0.000000
1.800000	0.000000
1.801000	0.000000
1.802000	0.000000
1.803000	0.000000
1.804000	0.000000
1.805000	0.000000
1.806000	0.000000
1.807000	0.000000
1.808000	0.000000
1.809000	0.000000
1.810000	0.000000
1.811000	0.000000
1.812000	0.000000
1.813000	0.000000
1.814000	0.000000
1.815000	0.000000
1.816000	0.000000
1.817000	0.000000
1.818000	0.000000
1.819000	0.000000
1.820000	0.000000
1.821000	0.000000
1.822000	0.000000
1.823000	0.000000
1.824000	0.000000
1.825000	0.000000
1.826000	0.000000
1.827000	0.000000
1.828000	0.000000
1.829000	0.000000
1.830000	0.000000
1.831000	0.000000
1.832000	0.000000
1.833000	0.000000
1.834000	0.000000
1.835000	0.000000
1.836000	0.000000
1.837000	0.000000
1.838000	0.000000
1.839000	0.000000
1.840000	0.000000
1.841000	0.000000
1.842000	0.000000
1.843000	0.000000
1.844000	0.000000
1.845000	0.000000
1.846000	0.000000
1.847000	0.000000
1.848000	0.000000
1.849000	0.000000
1.850000	0.000000
1.851000	0.000000
1.852000	0.000000
1.853000	0.000000
1.854000	0.000000
1.855000	0.000000
1.856000	0.000000
1.857000	0.000000
1.858000	0.000000
1.859000	0.000000
1.860000	0.000000
1.861000	0.000000
1.862000	0.000000
1.863000	0.000000
1.864000	0.000000
1.865000	0.000000
1.866000	0.000000
1.867000	0.000000
1.868000	0.000000
1.869000	0.000000
1.870000	0.000000
1.871000	0.000000
1.872000	0.000000
1.873000	0.000000
1.874000	0.000000
1.875000	0.000000
1.876000	0.000000
1.877000	0.000000
1.878000	0.000000
1.879000	0.000000
1.880000	0.000000
1.881000	0.000000
1.882000	0.000000
1.883000	0.000000
1.884000	0.000000
1.885000	0.000000
1.886000	0.000000
1.887000	0.000000
1.888000	0.000000
1.889000	0.000000
1.890000	0.000000
1.891000	0.000000
1.892000	0.000000
1.893000	0.000000
1.894000	0.000000
1.895000	0.000000
1.896000	0.000000
1.897000	0.000000
1.898000	0.000000
1.899000	0.000000
1.900000	0.000000
1.901000	0.000000
1.902000	0.000000
1.903000	0.000000
1.904000	0.000000
1.905000	0.000000
1.906000	0.000000
1.907000	0.000000
1.908000	0.000000
1.909000	0.000000
1.910000	0.000000
1.911000	0.000000
1.912000	0.000000
1.913000	0.000000
1.914000	0.000000
1.915000	0.000000
1.916000	0.000000
1.917000	0.000000
1.918000	0.000000
1.919000	0.000000
1.920000	0.000000
1.921000	0.000000
1.922000	0.000000
1.923000	0.000000
1.924000	0.000000
1.925000	0.000000
1.926000	0.000000
1.927000	0.000000
1.928000	0.000000
1.929000	0.000000
1.930000	0.000000
1.931000	0.000000
1.932000	0.000000
1.933000	0.000000
1.934000	0.000000
1.935000	0.000000
1.936000	0.000000
1.937000	0.000000
1.938000	0.000000
1.939000	0.000000
1.940000	0.000000
1.941000	0.000000
1.942000	0.000000
1.943000	0.000000
1.944000	0.000000
1.945000	0.000000
1.946000	0.000000
1.947000	0.000000
1.948000	0.000000
1.949000	0.000000
1.950000	0.000000
1.951000	0.000000
1.952000	0.000000
1.953000	0.000000
1.954000	0.000000
1.955000	0.000000
1.956000	0.000000
1.957000	0.000000
1.958000	0.000000
1.959000	0.000000
1.960000	0.000000
1.961000	0.000000
1.962000	0.000000
1.963000	0.000000
1.964000	0.000000
1.965000	0.000000
1.966000	0.000000
1.967000	0.000000
1.968000	0.000000
1.969000	0.000000
1.970000	0.000000
1.971000	0.000000
1.972000	0.000000
1.973000	0.000000
1.974000	0.000000
1.975000	0.000000
1.976000	0.000000
1.977000	0.000000
1.978000	0.000000
1.979000	0.000000
1.980000	0.000000
1.981000	0.000000
1.982000	0.000000
1.983000	0.000000
1.984000	0.000000
1.985000	0.000000
1.986000	0.000000
1.987000	0.000000
1.988000	0.000000
1.989000	0.000000
1.990000	0.000000
1.991000	0.000000
1.992000	0.000000
1.993000	0.000000
1.994000	0.000000
1.995000	0.000000
1.996000	0.000000
1.997000	0.000000
1.998000	0.000000
1.999000	0.000000
2.000000	0.000000
