-1.000000	0.000000	0.000000
1.000000	0.000000	0.000000
-0.900000	0.054386	0.054679
0.900000	0.054386	0.054679
-0.800000	0.166837	0.167313
0.800000	0.166837	0.167313
-0.700000	0.307233	0.307785
0.700000	0.307233	0.307785
-0.600000	0.455276	0.457947
0.600000	0.455276	0.457947
-0.500000	0.601733	0.604446
0.500000	0.601733	0.604446
-0.400000	0.738099	0.737036
0.400000	0.738099	0.737036
-0.300000	0.845111	0.847857
0.300000	0.845111	0.847857
-0.200000	0.925959	0.931054
0.200000	0.925959	0.931054
-0.100000	0.982279	0.982566
0.100000	0.982279	0.982566
0.000000	0.999212	1.000000
-0.000000	0.999212	1.000000
