-2.000000	0.000000
-1.999000	0.000000
-1.998000	0.000000
-1.997000	0.000000
-1.996000	0.000000
-1.995000	0.000000
-1.994000	0.000000
-1.993000	0.000000
-1.992000	0.000000
-1.991000	0.000000
-1.990000	0.000000
-1.989000	0.000000
-1.988000	0.000000
-1.987000	0.000000
-1.986000	0.000000
-1.985000	0.000000
-1.984000	0.000000
-1.983000	0.000000
-1.982000	0.000000
-1.981000	0.000000
-1.980000	0.000000
-1.979000	0.000000
-1.978000	0.000000
-1.977000	0.000000
-1.976000	0.000000
-1.975000	0.000000
-1.974000	0.000000
-1.973000	0.000000
-1.972000	0.000000
-1.971000	0.000000
-1.970000	0.000000
-1.969000	0.000000
-1.968000	0.000000
-1.967000	0.000000
-1.966000	0.000000
-1.965000	0.000000
-1.964000	0.000000
-1.963000	0.000000
-1.962000	0.000000
-1.961000	0.000000
-1.960000	0.000000
-1.959000	0.000000
-1.958000	0.000000
-1.957000	0.000000
-1.956000	0.000000
-1.955000	0.000000
-1.954000	0.000000
-1.953000	0.000000
-1.952000	0.000000
-1.951000	0.000000
-1.950000	0.000000
-1.949000	0.000000
-1.948000	0.000000
-1.947000	0.000000
-1.946000	0.000000
-1.945000	0.000000
-1.944000	0.000000
-1.943000	0.000000
-1.942000	0.000000
-1.941000	0.000000
-1.940000	0.000000
-1.939000	0.000000
-1.938000	0.000000
-1.937000	0.000000
-1.936000	0.000000
-1.935000	0.000000
-1.934000	0.000000
-1.933000	0.000000
-1.932000	0.000000
-1.931000	0.000000
-1.930000	0.000000
-1.929000	0.000000
-1.928000	0.000000
-1.927000	0.000000
-1.926000	0.000000
-1.925000	0.000000
-1.924000	0.000000
-1.923000	0.000000
-1.922000	0.000000
-1.921000	0.000000
-1.920000	0.000000
-1.919000	0.000000
-1.918000	0.000000
-1.917000	0.000000
-1.916000	0.000000
-1.915000	0.000000
-1.914000	0.000000
-1.913000	0.000000
-1.912000	0.000000
-1.911000	0.000000
-1.910000	0.000000
-1.909000	0.000000
-1.908000	0.000000
-1.907000	0.000000
-1.906000	0.000000
-1.905000	0.000000
-1.904000	0.000000
-1.903000	0.000000
-1.902000	0.000000
-1.901000	0.000000
-1.900000	0.000000
-1.899000	0.000000
-1.898000	0.000000
-1.897000	0.000000
-1.896000	0.000000
-1.895000	0.000000
-1.894000	0.000000
-1.893000	0.000000
-1.892000	0.000000
-1.891000	0.000000
-1.890000	0.000000
-1.889000	0.000000
-1.888000	0.000000
-1.887000	0.000000
-1.886000	0.000000
-1.885000	0.000000
-1.884000	0.000000
-1.883000	0.000000
-1.882000	0.000000
-1.881000	0.000000
-1.880000	0.000000
-1.879000	0.000000
-1.878000	0.000000
-1.877000	0.000000
-1.876000	0.000000
-1.875000	0.000000
-1.874000	0.000000
-1.873000	0.000000
-1.872000	0.000000
-1.871000	0.000000
-1.870000	0.000000
-1.869000	0.000000
-1.868000	0.000000
-1.867000	0.000000
-1.866000	0.000000
-1.865000	0.000000
-1.864000	0.000000
-1.863000	0.000000
-1.862000	0.000000
-1.861000	0.000000
-1.860000	0.000000
-1.859000	0.000000
-1.858000	0.000000
-1.857000	0.000000
-1.856000	0.000000
-1.855000	0.000000
-1.854000	0.000000
-1.853000	0.000000
-1.852000	0.000000
-1.851000	0.000000
-1.850000	0.000000
-1.849000	0.000000
-1.848000	0.000000
-1.847000	0.000000
-1.846000	0.000000
-1.845000	0.000000
-1.844000	0.000000
-1.843000	0.000000
-1.842000	0.000000
-1.841000	0.000000
-1.840000	0.000000
-1.839000	0.000000
-1.838000	0.000000
-1.837000	0.000000
-1.836000	0.000000
-1.835000	0.000000
-1.834000	0.000000
-1.833000	0.000000
-1.832000	0.000000
-1.831000	0.000000
-1.830000	0.000000
-1.829000	0.000000
-1.828000	0.000000
-1.827000	0.000000
-1.826000	0.000000
-1.825000	0.000000
-1.824000	0.000000
-1.823000	0.000000
-1.822000	0.000000
-1.821000	0.000000
-1.820000	0.000000
-1.819000	0.000000
-1.818000	0.000000
-1.817000	0.000000
-1.816000	0.000000
-1.815000	0.000000
-1.814000	0.000000
-1.813000	0.000000
-1.812000	0.000000
-1.811000	0.000000
-1.810000	0.000000
-1.809000	0.000000
-1.808000	0.000000
-1.807000	0.000000
-1.806000	0.000000
-1.805000	0.000000
-1.804000	0.000000
-1.803000	0.000000
-1.802000	0.000000
-1.801000	0.000000
-1.800000	0.000000
-1.799000	0.000000
-1.798000	0.000000
-1.797000	0.000000
-1.796000	0.000000
-1.795000	0.000000
-1.794000	0.000000
-1.793000	0.000000
-1.792000	0.000000
-1.791000	0.000000
-1.790000	0.000000
-1.789000	0.000000
-1.788000	0.000000
-1.787000	0.000000
-1.786000	0.000000
-1.785000	0.000000
-1.784000	0.000000
-1.783000	0.000000
-1.782000	0.000000
-1.781000	0.000000
-1.780000	0.000000
-1.779000	0.000000
-1.778000	0.000000
-1.777000	0.000000
-1.776000	0.000000
-1.775000	0.000000
-1.774000	0.000000
-1.773000	0.000000
-1.772000	0.000000
-1.771000	0.000000
-1.770000	0.000000
-1.769000	0.000000
-1.768000	0.000000
-1.767000	0.000000
-1.766000	0.000000
-1.765000	0.000000
-1.764000	0.000000
-1.763000	0.000000
-1.762000	0.000000
-1.761000	0.000000
-1.760000	0.000000
-1.759000	0.000000
-1.758000	0.000000
-1.757000	0.000000
-1.756000	0.000000
-1.755000	0.000000
-1.754000	0.000000
-1.753000	0.000000
-1.752000	0.000000
-1.751000	0.000000
-1.750000	0.000000
-1.749000	0.000000
-1.748000	0.000000
-1.747000	0.000000
-1.746000	0.000000
-1.745000	0.000000
-1.744000	0.000000
-1.743000	0.000000
-1.742000	0.000000
-1.741000	0.000000
-1.740000	0.000000
-1.739000	0.000000
-1.738000	0.000000
-1.737000	0.000000
-1.736000	0.000000
-1.735000	0.000000
-1.734000	0.000000
-1.733000	0.000000
-1.732000	0.000000
-1.731000	0.000000
-1.730000	0.000000
-1.729000	0.000000
-1.728000	0.000000
-1.727000	0.000000
-1.726000	0.000000
-1.725000	0.000000
-1.724000	0.000000
-1.723000	0.000000
-1.722000	0.000000
-1.721000	0.000000
-1.720000	0.000000
-1.719000	0.000000
-1.718000	0.000000
-1.717000	0.000000
-1.716000	0.000000
-1.715000	0.000000
-1.714000	0.000000
-1.713000	0.000000
-1.712000	0.000000
-1.711000	0.000000
-1.710000	0.000000
-1.709000	0.000000
-1.708000	0.000000
-1.707000	0.000000
-1.706000	0.000000
-1.705000	0.000000
-1.704000	0.000000
-1.703000	0.000000
-1.702000	0.000000
-1.701000	0.000000
-1.700000	0.000000
-1.699000	0.000000
-1.698000	0.000000
-1.697000	0.000000
-1.696000	0.000000
-1.695000	0.000000
-1.694000	0.000000
-1.693000	0.000000
-1.692000	0.000000
-1.691000	0.000000
-1.690000	0.000000
-1.689000	0.000000
-1.688000	0.000000
-1.687000	0.000000
-1.686000	0.000000
-1.685000	0.000000
-1.684000	0.000000
-1.683000	0.000000
-1.682000	0.000000
-1.681000	0.000000
-1.680000	0.000000
-1.679000	0.000000
-1.678000	0.000000
-1.677000	0.000000
-1.676000	0.000000
-1.675000	0.000000
-1.674000	0.000000
-1.673000	0.000000
-1.672000	0.000000
-1.671000	0.000000
-1.670000	0.000000
-1.669000	0.000000
-1.668000	0.000000
-1.667000	0.000000
-1.666000	0.000000
-1.665000	0.000000
-1.664000	0.000000
-1.663000	0.000000
-1.662000	0.000000
-1.661000	0.000000
-1.660000	0.000000
-1.659000	0.000000
-1.658000	0.000000
-1.657000	0.000000
-1.656000	0.000000
-1.655000	0.000000
-1.654000	0.000000
-1.653000	0.000000
-1.652000	0.000000
-1.651000	0.000000
-1.650000	0.000000
-1.649000	0.000000
-1.648000	0.000000
-1.647000	0.000000
-1.646000	0.000000
-1.645000	0.000000
-1.644000	0.000000
-1.643000	0.000000
-1.642000	0.000000
-1.641000	0.000000
-1.640000	0.000000
-1.639000	0.000000
-1.638000	0.000000
-1.637000	0.000000
-1.636000	0.000000
-1.635000	0.000000
-1.634000	0.000000
-1.633000	0.000000
-1.632000	0.000000
-1.631000	0.000000
-1.630000	0.000000
-1.629000	0.000000
-1.628000	0.000000
-1.627000	0.000000
-1.626000	0.000000
-1.625000	0.000000
-1.624000	0.000000
-1.623000	0.000000
-1.622000	0.000000
-1.621000	0.000000
-1.620000	0.000000
-1.619000	0.000000
-1.618000	0.000000
-1.617000	0.000000
-1.616000	0.000000
-1.615000	0.000000
-1.614000	0.000000
-1.613000	0.000000
-1.612000	0.000000
-1.611000	0.000000
-1.610000	0.000000
-1.609000	0.000000
-1.608000	0.000000
-1.607000	0.000000
-1.606000	0.000000
-1.605000	0.000000
-1.604000	0.000000
-1.603000	0.000000
-1.602000	0.000000
-1.601000	0.000000
-1.600000	0.000000
-1.599000	0.000000
-1.598000	0.000000
-1.597000	0.000000
-1.596000	0.000000
-1.595000	0.000000
-1.594000	0.000000
-1.593000	0.000000
-1.592000	0.000000
-1.591000	0.000000
-1.590000	0.000000
-1.589000	0.000000
-1.588000	0.000000
-1.587000	0.000000
-1.586000	0.000000
-1.585000	0.000000
-1.584000	0.000000
-1.583000	0.000000
-1.582000	0.000000
-1.581000	0.000000
-1.580000	0.000000
-1.579000	0.000000
-1.578000	0.000000
-1.577000	0.000000
-1.576000	0.000000
-1.575000	0.000000
-1.574000	0.000000
-1.573000	0.000000
-1.572000	0.000000
-1.571000	0.000000
-1.570000	0.000000
-1.569000	0.000000
-1.568000	0.000000
-1.567000	0.000000
-1.566000	0.000000
-1.565000	0.000000
-1.564000	0.000000
-1.563000	0.000000
-1.562000	0.000000
-1.561000	0.000000
-1.560000	0.000000
-1.559000	0.000000
-1.558000	0.000000
-1.557000	0.000000
-1.556000	0.000000
-1.555000	0.000000
-1.554000	0.000000
-1.553000	0.000000
-1.552000	0.000000
-1.551000	0.000000
-1.550000	0.000000
-1.549000	0.000000
-1.548000	0.000000
-1.547000	0.000000
-1.546000	0.000000
-1.545000	0.000000
-1.544000	0.000000
-1.543000	0.000000
-1.542000	0.000000
-1.541000	0.000000
-1.540000	0.000000
-1.539000	0.000000
-1.538000	0.000000
-1.537000	0.000000
-1.536000	0.000000
-1.535000	0.000000
-1.534000	0.000000
-1.533000	0.000000
-1.532000	0.000000
-1.531000	0.000000
-1.530000	0.000000
-1.529000	0.000000
-1.528000	0.000000
-1.527000	0.000000
-1.526000	0.000000
-1.525000	0.000000
-1.524000	0.000000
-1.523000	0.000000
-1.522000	0.000000
-1.521000	0.000000
-1.520000	0.000000
-1.519000	0.000000
-1.518000	0.000000
-1.517000	0.000000
-1.516000	0.000000
-1.515000	0.000000
-1.514000	0.000000
-1.513000	0.000000
-1.512000	0.000000
-1.511000	0.000000
-1.510000	0.000000
-1.509000	0.000000
-1.508000	0.000000
-1.507000	0.000000
-1.506000	0.000000
-1.505000	0.000000
-1.504000	0.000000
-1.503000	0.000000
-1.502000	0.000000
-1.501000	0.000000
-1.500000	0.000000
-1.499000	0.000000
-1.498000	0.000000
-1.497000	0.000000
-1.496000	0.000000
-1.495000	0.000000
-1.494000	0.000000
-1.493000	0.000000
-1.492000	0.000000
-1.491000	0.000000
-1.490000	0.000000
-1.489000	0.000000
-1.488000	0.000000
-1.487000	0.000000
-1.486000	0.000000
-1.485000	0.000000
-1.484000	0.000000
-1.483000	0.000000
-1.482000	0.000000
-1.481000	0.000000
-1.480000	0.000000
-1.479000	0.000000
-1.478000	0.000000
-1.477000	0.000000
-1.476000	0.000000
-1.475000	0.000000
-1.474000	0.000000
-1.473000	0.000000
-1.472000	0.000000
-1.471000	0.000000
-1.470000	0.000000
-1.469000	0.000000
-1.468000	0.000000
-1.467000	0.000000
-1.466000	0.000000
-1.465000	0.000000
-1.464000	0.000000
-1.463000	0.000000
-1.462000	0.000000
-1.461000	0.000000
-1.460000	0.000000
-1.459000	0.000000
-1.458000	0.000000
-1.457000	0.000000
-1.456000	0.000000
-1.455000	0.000000
-1.454000	0.000000
-1.453000	0.000000
-1.452000	0.000000
-1.451000	0.000000
-1.450000	0.000000
-1.449000	0.000000
-1.448000	0.000000
-1.447000	0.000000
-1.446000	0.000000
-1.445000	0.000000
-1.444000	0.000000
-1.443000	0.000000
-1.442000	0.000000
-1.441000	0.000000
-1.440000	0.000000
-1.439000	0.000000
-1.438000	0.000000
-1.437000	0.000000
-1.436000	0.000000
-1.435000	0.000000
-1.434000	0.000000
-1.433000	0.000000
-1.432000	0.000000
-1.431000	0.000000
-1.430000	0.000000
-1.429000	0.000000
-1.428000	0.000000
-1.427000	0.000000
-1.426000	0.000000
-1.425000	0.000000
-1.424000	0.000000
-1.423000	0.000000
-1.422000	0.000000
-1.421000	0.000000
-1.420000	0.000000
-1.419000	0.000000
-1.418000	0.000000
-1.417000	0.000000
-1.416000	0.000000
-1.415000	0.000000
-1.414000	0.000000
-1.413000	0.000000
-1.412000	0.000000
-1.411000	0.000000
-1.410000	0.000000
-1.409000	0.000000
-1.408000	0.000000
-1.407000	0.000000
-1.406000	0.000000
-1.405000	0.000000
-1.404000	0.000000
-1.403000	0.000000
-1.402000	0.000000
-1.401000	0.000000
-1.400000	0.000000
-1.399000	0.000000
-1.398000	0.000000
-1.397000	0.000000
-1.396000	0.000000
-1.395000	0.000000
-1.394000	0.000000
-1.393000	0.000000
-1.392000	0.000000
-1.391000	0.000000
-1.390000	0.000000
-1.389000	0.000000
-1.388000	0.000000
-1.387000	0.000000
-1.386000	0.000000
-1.385000	0.000000
-1.384000	0.000000
-1.383000	0.000000
-1.382000	0.000000
-1.381000	0.000000
-1.380000	0.000000
-1.379000	0.000000
-1.378000	0.000000
-1.377000	0.000000
-1.376000	0.000000
-1.375000	0.000000
-1.374000	0.000000
-1.373000	0.000000
-1.372000	0.000000
-1.371000	0.000000
-1.370000	0.000000
-1.369000	0.000000
-1.368000	0.000000
-1.367000	0.000000
-1.366000	0.000000
-1.365000	0.000000
-1.364000	0.000000
-1.363000	0.000000
-1.362000	0.000000
-1.361000	0.000000
-1.360000	0.000000
-1.359000	0.000000
-1.358000	0.000000
-1.357000	0.000000
-1.356000	0.000000
-1.355000	0.000000
-1.354000	0.000000
-1.353000	0.000000
-1.352000	0.000000
-1.351000	0.000000
-1.350000	0.000000
-1.349000	0.000000
-1.348000	0.000000
-1.347000	0.000000
-1.346000	0.000000
-1.345000	0.000000
-1.344000	0.000000
-1.343000	0.000000
-1.342000	0.000000
-1.341000	0.000000
-1.340000	0.000000
-1.339000	0.000000
-1.338000	0.000000
-1.337000	0.000000
-1.336000	0.000000
-1.335000	0.000000
-1.334000	0.000000
-1.333000	0.000000
-1.332000	0.000000
-1.331000	0.000000
-1.330000	0.000000
-1.329000	0.000000
-1.328000	0.000000
-1.327000	0.000000
-1.326000	0.000000
-1.325000	0.000000
-1.324000	0.000000
-1.323000	0.000000
-1.322000	0.000000
-1.321000	0.000000
-1.320000	0.000000
-1.319000	0.000000
-1.318000	0.000000
-1.317000	0.000000
-1.316000	0.000000
-1.315000	0.000000
-1.314000	0.000000
-1.313000	0.000000
-1.312000	0.000000
-1.311000	0.000000
-1.310000	0.000000
-1.309000	0.000000
-1.308000	0.000000
-1.307000	0.000000
-1.306000	0.000000
-1.305000	0.000000
-1.304000	0.000000
-1.303000	0.000000
-1.302000	0.000000
-1.301000	0.000000
-1.300000	0.000000
-1.299000	0.000000
-1.298000	0.000000
-1.297000	0.000000
-1.296000	0.000000
-1.295000	0.000000
-1.294000	0.000000
-1.293000	0.000000
-1.292000	0.000000
-1.291000	0.000000
-1.290000	0.000000
-1.289000	0.000000
-1.288000	0.000000
-1.287000	0.000000
-1.286000	0.000000
-1.285000	0.000000
-1.284000	0.000000
-1.283000	0.000000
-1.282000	0.000000
-1.281000	0.000000
-1.280000	0.000000
-1.279000	0.000000
-1.278000	0.000000
-1.277000	0.000000
-1.276000	0.000000
-1.275000	0.000000
-1.274000	0.000000
-1.273000	0.000000
-1.272000	0.000000
-1.271000	0.000000
-1.270000	0.000000
-1.269000	0.000000
-1.268000	0.000000
-1.267000	0.000000
-1.266000	0.000000
-1.265000	0.000000
-1.264000	0.000000
-1.263000	0.000000
-1.262000	0.000000
-1.261000	0.000000
-1.260000	0.000000
-1.259000	0.000000
-1.258000	0.000000
-1.257000	0.000000
-1.256000	0.000000
-1.255000	0.000000
-1.254000	0.000000
-1.253000	0.000000
-1.252000	0.000000
-1.251000	0.000000
-1.250000	0.000000
-1.249000	0.000000
-1.248000	0.000000
-1.247000	0.000000
-1.246000	0.000000
-1.245000	0.000000
-1.244000	0.000000
-1.243000	0.000000
-1.242000	0.000000
-1.241000	0.000000
-1.240000	0.000000
-1.239000	0.000000
-1.238000	0.000000
-1.237000	0.000000
-1.236000	0.000000
-1.235000	0.000000
-1.234000	0.000000
-1.233000	0.000000
-1.232000	0.000000
-1.231000	0.000000
-1.230000	0.000000
-1.229000	0.000000
-1.228000	0.000000
-1.227000	0.000000
-1.226000	0.000000
-1.225000	0.000000
-1.224000	0.000000
-1.223000	0.000000
-1.222000	0.000000
-1.221000	0.000000
-1.220000	0.000000
-1.219000	0.000000
-1.218000	0.000000
-1.217000	0.000000
-1.216000	0.000000
-1.215000	0.000000
-1.214000	0.000000
-1.213000	0.000000
-1.212000	0.000000
-1.211000	0.000000
-1.210000	0.000000
-1.209000	0.000000
-1.208000	0.000000
-1.207000	0.000000
-1.206000	0.000000
-1.205000	0.000000
-1.204000	0.000000
-1.203000	0.000000
-1.202000	0.000000
-1.201000	0.000000
-1.200000	0.000000
-1.199000	0.000000
-1.198000	0.000000
-1.197000	0.000000
-1.196000	0.000000
-1.195000	0.000000
-1.194000	0.000000
-1.193000	0.000000
-1.192000	0.000000
-1.191000	0.000000
-1.190000	0.000000
-1.189000	0.000000
-1.188000	0.000000
-1.187000	0.000000
-1.186000	0.000000
-1.185000	0.000000
-1.184000	0.000000
-1.183000	0.000000
-1.182000	0.000000
-1.181000	0.000000
-1.180000	0.000000
-1.179000	0.000000
-1.178000	0.000000
-1.177000	0.000000
-1.176000	0.000000
-1.175000	0.000000
-1.174000	0.000000
-1.173000	0.000000
-1.172000	0.000000
-1.171000	0.000000
-1.170000	0.000000
-1.169000	0.000000
-1.168000	0.000000
-1.167000	0.000000
-1.166000	0.000000
-1.165000	0.000000
-1.164000	0.000000
-1.163000	0.000000
-1.162000	0.000000
-1.161000	0.000000
-1.160000	0.000000
-1.159000	0.000000
-1.158000	0.000000
-1.157000	0.000000
-1.156000	0.000000
-1.155000	0.000000
-1.154000	0.000000
-1.153000	0.000000
-1.152000	0.000000
-1.151000	0.000000
-1.150000	0.000000
-1.149000	0.000000
-1.148000	0.000000
-1.147000	0.000000
-1.146000	0.000000
-1.145000	0.000000
-1.144000	0.000000
-1.143000	0.000000
-1.142000	0.000000
-1.141000	0.000000
-1.140000	0.000000
-1.139000	0.000000
-1.138000	0.000000
-1.137000	0.000000
-1.136000	0.000000
-1.135000	0.000000
-1.134000	0.000000
-1.133000	0.000000
-1.132000	0.000000
-1.131000	0.000000
-1.130000	0.000000
-1.129000	0.000000
-1.128000	0.000000
-1.127000	0.000000
-1.126000	0.000000
-1.125000	0.000000
-1.124000	0.000000
-1.123000	0.000000
-1.122000	0.000000
-1.121000	0.000000
-1.120000	0.000000
-1.119000	0.000000
-1.118000	0.000000
-1.117000	0.000000
-1.116000	0.000000
-1.115000	0.000000
-1.114000	0.000000
-1.113000	0.000000
-1.112000	0.000000
-1.111000	0.000000
-1.110000	0.000000
-1.109000	0.000000
-1.108000	0.000000
-1.107000	0.000000
-1.106000	0.000000
-1.105000	0.000000
-1.104000	0.000000
-1.103000	0.000000
-1.102000	0.000000
-1.101000	0.000000
-1.100000	0.000000
-1.099000	0.000000
-1.098000	0.000000
-1.097000	0.000000
-1.096000	0.000000
-1.095000	0.000000
-1.094000	0.000000
-1.093000	0.000000
-1.092000	0.000000
-1.091000	0.000000
-1.090000	0.000000
-1.089000	0.000000
-1.088000	0.000000
-1.087000	0.000000
-1.086000	0.000000
-1.085000	0.000000
-1.084000	0.000000
-1.083000	0.000000
-1.082000	0.000000
-1.081000	0.000000
-1.080000	0.000000
-1.079000	0.000000
-1.078000	0.000000
-1.077000	0.000000
-1.076000	0.000000
-1.075000	0.000000
-1.074000	0.000000
-1.073000	0.000000
-1.072000	0.000000
-1.071000	0.000000
-1.070000	0.000000
-1.069000	0.000000
-1.068000	0.000000
-1.067000	0.000000
-1.066000	0.000000
-1.065000	0.000000
-1.064000	0.000000
-1.063000	0.000000
-1.062000	0.000000
-1.061000	0.000000
-1.060000	0.000000
-1.059000	0.000000
-1.058000	0.000000
-1.057000	0.000000
-1.056000	0.000000
-1.055000	0.000000
-1.054000	0.000000
-1.053000	0.000000
-1.052000	0.000000
-1.051000	0.000000
-1.050000	0.000000
-1.049000	0.000000
-1.048000	0.000000
-1.047000	0.000000
-1.046000	0.000000
-1.045000	0.000000
-1.044000	0.000000
-1.043000	0.000000
-1.042000	0.000000
-1.041000	0.000000
-1.040000	0.000000
-1.039000	0.000000
-1.038000	0.000000
-1.037000	0.000000
-1.036000	0.000000
-1.035000	0.000000
-1.034000	0.000000
-1.033000	0.000000
-1.032000	0.000000
-1.031000	0.000000
-1.030000	0.000000
-1.029000	0.000000
-1.028000	0.000000
-1.027000	0.000000
-1.026000	0.000000
-1.025000	0.000000
-1.024000	0.000000
-1.023000	0.000000
-1.022000	0.000000
-1.021000	0.000000
-1.020000	0.000000
-1.019000	0.000000
-1.018000	0.000000
-1.017000	0.000000
-1.016000	0.000000
-1.015000	0.000000
-1.014000	0.000000
-1.013000	0.000000
-1.012000	0.000000
-1.011000	0.000000
-1.010000	0.000000
-1.009000	0.000000
-1.008000	0.000000
-1.007000	0.000000
-1.006000	0.000000
-1.005000	0.000000
-1.004000	0.000000
-1.003000	0.000000
-1.002000	0.000000
-1.001000	0.000000
-1.000000	0.000000
-0.999000	0.000009
-0.998000	0.000032
-0.997000	0.000068
-0.996000	0.000117
-0.995000	0.000177
-0.994000	0.000249
-0.993000	0.000332
-0.992000	0.000426
-0.991000	0.000531
-0.990000	0.000646
-0.989000	0.000772
-0.988000	0.000908
-0.987000	0.001054
-0.986000	0.001210
-0.985000	0.001376
-0.984000	0.001551
-0.983000	0.001736
-0.982000	0.001931
-0.981000	0.002135
-0.980000	0.002348
-0.979000	0.002570
-0.978000	0.002802
-0.977000	0.003043
-0.976000	0.003292
-0.975000	0.003551
-0.974000	0.003818
-0.973000	0.004094
-0.972000	0.004379
-0.971000	0.004672
-0.970000	0.004974
-0.969000	0.005285
-0.968000	0.005603
-0.967000	0.005931
-0.966000	0.006266
-0.965000	0.006610
-0.964000	0.006962
-0.963000	0.007322
-0.962000	0.007690
-0.961000	0.008066
-0.960000	0.008450
-0.959000	0.008842
-0.958000	0.009241
-0.957000	0.009649
-0.956000	0.010064
-0.955000	0.010488
-0.954000	0.010918
-0.953000	0.011357
-0.952000	0.011803
-0.951000	0.012256
-0.950000	0.012717
-0.949000	0.013185
-0.948000	0.013661
-0.947000	0.014144
-0.946000	0.014635
-0.945000	0.015132
-0.944000	0.015637
-0.943000	0.016149
-0.942000	0.016668
-0.941000	0.017195
-0.940000	0.017728
-0.939000	0.018268
-0.938000	0.018816
-0.937000	0.019370
-0.936000	0.019931
-0.935000	0.020499
-0.934000	0.021074
-0.933000	0.021656
-0.932000	0.022244
-0.931000	0.022839
-0.930000	0.023441
-0.929000	0.024050
-0.928000	0.024665
-0.927000	0.025286
-0.926000	0.025914
-0.925000	0.026549
-0.924000	0.027190
-0.923000	0.027838
-0.922000	0.028491
-0.921000	0.029152
-0.920000	0.029818
-0.919000	0.030491
-0.918000	0.031170
-0.917000	0.031856
-0.916000	0.032547
-0.915000	0.033245
-0.914000	0.033949
-0.913000	0.034659
-0.912000	0.035375
-0.911000	0.036097
-0.910000	0.036825
-0.909000	0.037559
-0.908000	0.038299
-0.907000	0.039045
-0.906000	0.039797
-0.905000	0.040554
-0.904000	0.041318
-0.903000	0.042087
-0.902000	0.042862
-0.901000	0.043642
-0.900000	0.044429
-0.899000	0.045221
-0.898000	0.046018
-0.897000	0.046822
-0.896000	0.047630
-0.895000	0.048445
-0.894000	0.049265
-0.893000	0.050090
-0.892000	0.050921
-0.891000	0.051757
-0.890000	0.052599
-0.889000	0.053446
-0.888000	0.054298
-0.887000	0.055156
-0.886000	0.056019
-0.885000	0.056888
-0.884000	0.057761
-0.883000	0.058640
-0.882000	0.059524
-0.881000	0.060413
-0.880000	0.061307
-0.879000	0.062206
-0.878000	0.063111
-0.877000	0.064020
-0.876000	0.064935
-0.875000	0.065854
-0.874000	0.066779
-0.873000	0.067708
-0.872000	0.068642
-0.871000	0.069582
-0.870000	0.070526
-0.869000	0.071474
-0.868000	0.072428
-0.867000	0.073387
-0.866000	0.074350
-0.865000	0.075318
-0.864000	0.076291
-0.863000	0.077268
-0.862000	0.078250
-0.861000	0.079237
-0.860000	0.080228
-0.859000	0.081224
-0.858000	0.082225
-0.857000	0.083230
-0.856000	0.084239
-0.855000	0.085253
-0.854000	0.086271
-0.853000	0.087294
-0.852000	0.088322
-0.851000	0.089353
-0.850000	0.090390
-0.849000	0.091430
-0.848000	0.092475
-0.847000	0.093524
-0.846000	0.094577
-0.845000	0.095635
-0.844000	0.096696
-0.843000	0.097762
-0.842000	0.098833
-0.841000	0.099907
-0.840000	0.100985
-0.839000	0.102068
-0.838000	0.103155
-0.837000	0.104245
-0.836000	0.105340
-0.835000	0.106439
-0.834000	0.107542
-0.833000	0.108648
-0.832000	0.109759
-0.831000	0.110874
-0.830000	0.111992
-0.829000	0.113115
-0.828000	0.114241
-0.827000	0.115371
-0.826000	0.116505
-0.825000	0.117642
-0.824000	0.118784
-0.823000	0.119929
-0.822000	0.121078
-0.821000	0.122231
-0.820000	0.123387
-0.819000	0.124547
-0.818000	0.125711
-0.817000	0.126878
-0.816000	0.128049
-0.815000	0.129223
-0.814000	0.130401
-0.813000	0.131583
-0.812000	0.132768
-0.811000	0.133956
-0.810000	0.135148
-0.809000	0.136344
-0.808000	0.137542
-0.807000	0.138745
-0.806000	0.139950
-0.805000	0.141159
-0.804000	0.142372
-0.803000	0.143587
-0.802000	0.144806
-0.801000	0.146029
-0.800000	0.147254
-0.799000	0.148483
-0.798000	0.149715
-0.797000	0.150950
-0.796000	0.152188
-0.795000	0.153430
-0.794000	0.154674
-0.793000	0.155922
-0.792000	0.157173
-0.791000	0.158427
-0.790000	0.159684
-0.789000	0.160944
-0.788000	0.162207
-0.787000	0.163473
-0.786000	0.164742
-0.785000	0.166014
-0.784000	0.167289
-0.783000	0.168566
-0.782000	0.169847
-0.781000	0.171131
-0.780000	0.172417
-0.779000	0.173706
-0.778000	0.174998
-0.777000	0.176293
-0.776000	0.177591
-0.775000	0.178891
-0.774000	0.180194
-0.773000	0.181500
-0.772000	0.182809
-0.771000	0.184120
-0.770000	0.185434
-0.769000	0.186751
-0.768000	0.188070
-0.767000	0.189392
-0.766000	0.190716
-0.765000	0.192043
-0.764000	0.193373
-0.763000	0.194705
-0.762000	0.196039
-0.761000	0.197376
-0.760000	0.198716
-0.759000	0.200058
-0.758000	0.201402
-0.757000	0.202749
-0.756000	0.204098
-0.755000	0.205450
-0.754000	0.206804
-0.753000	0.208160
-0.752000	0.209519
-0.751000	0.210880
-0.750000	0.212243
-0.749000	0.213609
-0.748000	0.214977
-0.747000	0.216347
-0.746000	0.217719
-0.745000	0.219093
-0.744000	0.220470
-0.743000	0.221849
-0.742000	0.223230
-0.741000	0.224613
-0.740000	0.225998
-0.739000	0.227385
-0.738000	0.228775
-0.737000	0.230166
-0.736000	0.231560
-0.735000	0.232955
-0.734000	0.234353
-0.733000	0.235752
-0.732000	0.237154
-0.731000	0.238557
-0.730000	0.239963
-0.729000	0.241370
-0.728000	0.242779
-0.727000	0.244190
-0.726000	0.245603
-0.725000	0.247018
-0.724000	0.248434
-0.723000	0.249853
-0.722000	0.251273
-0.721000	0.252695
-0.720000	0.254119
-0.719000	0.255545
-0.718000	0.256972
-0.717000	0.258401
-0.716000	0.259831
-0.715000	0.261264
-0.714000	0.262698
-0.713000	0.264134
-0.712000	0.265571
-0.711000	0.267010
-0.710000	0.268450
-0.709000	0.269892
-0.708000	0.271336
-0.707000	0.272781
-0.706000	0.274228
-0.705000	0.275676
-0.704000	0.277126
-0.703000	0.278577
-0.702000	0.280030
-0.701000	0.281484
-0.700000	0.282940
-0.699000	0.284397
-0.698000	0.285855
-0.697000	0.287315
-0.696000	0.288776
-0.695000	0.290239
-0.694000	0.291703
-0.693000	0.293168
-0.692000	0.294634
-0.691000	0.296102
-0.690000	0.297571
-0.689000	0.299041
-0.688000	0.300513
-0.687000	0.301986
-0.686000	0.303460
-0.685000	0.304935
-0.684000	0.306411
-0.683000	0.307889
-0.682000	0.309367
-0.681000	0.310847
-0.680000	0.312328
-0.679000	0.313810
-0.678000	0.315293
-0.677000	0.316777
-0.676000	0.318263
-0.675000	0.319749
-0.674000	0.321236
-0.673000	0.322724
-0.672000	0.324214
-0.671000	0.325704
-0.670000	0.327195
-0.669000	0.328687
-0.668000	0.330181
-0.667000	0.331675
-0.666000	0.333170
-0.665000	0.334665
-0.664000	0.336162
-0.663000	0.337660
-0.662000	0.339158
-0.661000	0.340657
-0.660000	0.342157
-0.659000	0.343658
-0.658000	0.345160
-0.657000	0.346662
-0.656000	0.348165
-0.655000	0.349669
-0.654000	0.351174
-0.653000	0.352679
-0.652000	0.354185
-0.651000	0.355691
-0.650000	0.357199
-0.649000	0.358707
-0.648000	0.360215
-0.647000	0.361725
-0.646000	0.363234
-0.645000	0.364745
-0.644000	0.366256
-0.643000	0.367767
-0.642000	0.369280
-0.641000	0.370792
-0.640000	0.372305
-0.639000	0.373819
-0.638000	0.375333
-0.637000	0.376848
-0.636000	0.378363
-0.635000	0.379879
-0.634000	0.381395
-0.633000	0.382911
-0.632000	0.384428
-0.631000	0.385945
-0.630000	0.387463
-0.629000	0.388981
-0.628000	0.390499
-0.627000	0.392018
-0.626000	0.393537
-0.625000	0.395056
-0.624000	0.396576
-0.623000	0.398095
-0.622000	0.399616
-0.621000	0.401136
-0.620000	0.402657
-0.619000	0.404178
-0.618000	0.405699
-0.617000	0.407220
-0.616000	0.408741
-0.615000	0.410263
-0.614000	0.411785
-0.613000	0.413307
-0.612000	0.414829
-0.611000	0.416351
-0.610000	0.417873
-0.609000	0.419396
-0.608000	0.420918
-0.607000	0.422441
-0.606000	0.423963
-0.605000	0.425486
-0.604000	0.427009
-0.603000	0.428531
-0.602000	0.430054
-0.601000	0.431577
-0.600000	0.433099
-0.599000	0.434622
-0.598000	0.436144
-0.597000	0.437667
-0.596000	0.439189
-0.595000	0.440712
-0.594000	0.442234
-0.593000	0.443756
-0.592000	0.445278
-0.591000	0.446800
-0.590000	0.448321
-0.589000	0.449843
-0.588000	0.451364
-0.587000	0.452885
-0.586000	0.454406
-0.585000	0.455927
-0.584000	0.457447
-0.583000	0.458967
-0.582000	0.460487
-0.581000	0.462007
-0.580000	0.463526
-0.579000	0.465045
-0.578000	0.466564
-0.577000	0.468083
-0.576000	0.469601
-0.575000	0.471119
-0.574000	0.472636
-0.573000	0.474153
-0.572000	0.475670
-0.571000	0.477186
-0.570000	0.478702
-0.569000	0.480217
-0.568000	0.481732
-0.567000	0.483247
-0.566000	0.484761
-0.565000	0.486275
-0.564000	0.487788
-0.563000	0.489301
-0.562000	0.490813
-0.561000	0.492324
-0.560000	0.493836
-0.559000	0.495346
-0.558000	0.496856
-0.557000	0.498366
-0.556000	0.499875
-0.555000	0.501383
-0.554000	0.502891
-0.553000	0.504398
-0.552000	0.505904
-0.551000	0.507410
-0.550000	0.508915
-0.549000	0.510420
-0.548000	0.511924
-0.547000	0.513427
-0.546000	0.514929
-0.545000	0.516431
-0.544000	0.517932
-0.543000	0.519432
-0.542000	0.520932
-0.541000	0.522431
-0.540000	0.523929
-0.539000	0.525426
-0.538000	0.526923
-0.537000	0.528418
-0.536000	0.529913
-0.535000	0.531407
-0.534000	0.532901
-0.533000	0.534393
-0.532000	0.535884
-0.531000	0.537375
-0.530000	0.538865
-0.529000	0.540354
-0.528000	0.541842
-0.527000	0.543329
-0.526000	0.544815
-0.525000	0.546300
-0.524000	0.547785
-0.523000	0.549268
-0.522000	0.550750
-0.521000	0.552232
-0.520000	0.553712
-0.519000	0.555192
-0.518000	0.556670
-0.517000	0.558147
-0.516000	0.559624
-0.515000	0.561099
-0.514000	0.562573
-0.513000	0.564046
-0.512000	0.565518
-0.511000	0.566989
-0.510000	0.568459
-0.509000	0.569928
-0.508000	0.571396
-0.507000	0.572862
-0.506000	0.574328
-0.505000	0.575792
-0.504000	0.577255
-0.503000	0.578717
-0.502000	0.580178
-0.501000	0.581637
-0.500000	0.583096
-0.499000	0.584553
-0.498000	0.586009
-0.497000	0.587463
-0.496000	0.588917
-0.495000	0.590369
-0.494000	0.591820
-0.493000	0.593270
-0.492000	0.594718
-0.491000	0.596165
-0.490000	0.597611
-0.489000	0.599055
-0.488000	0.600498
-0.487000	0.601940
-0.486000	0.603380
-0.485000	0.604819
-0.484000	0.606257
-0.483000	0.607693
-0.482000	0.609128
-0.481000	0.610562
-0.480000	0.611994
-0.479000	0.613424
-0.478000	0.614854
-0.477000	0.616281
-0.476000	0.617708
-0.475000	0.619133
-0.474000	0.620556
-0.473000	0.621978
-0.472000	0.623398
-0.471000	0.624817
-0.470000	0.626235
-0.469000	0.627651
-0.468000	0.629065
-0.467000	0.630478
-0.466000	0.631889
-0.465000	0.633299
-0.464000	0.634707
-0.463000	0.636114
-0.462000	0.637519
-0.461000	0.638922
-0.460000	0.640324
-0.459000	0.641724
-0.458000	0.643123
-0.457000	0.644520
-0.456000	0.645915
-0.455000	0.647309
-0.454000	0.648701
-0.453000	0.650091
-0.452000	0.651480
-0.451000	0.652867
-0.450000	0.654252
-0.449000	0.655636
-0.448000	0.657017
-0.447000	0.658397
-0.446000	0.659776
-0.445000	0.661152
-0.444000	0.662527
-0.443000	0.663900
-0.442000	0.665272
-0.441000	0.666641
-0.440000	0.668009
-0.439000	0.669375
-0.438000	0.670739
-0.437000	0.672101
-0.436000	0.673462
-0.435000	0.674820
-0.434000	0.676177
-0.433000	0.677532
-0.432000	0.678885
-0.431000	0.680236
-0.430000	0.681586
-0.429000	0.682933
-0.428000	0.684279
-0.427000	0.685622
-0.426000	0.686964
-0.425000	0.688304
-0.424000	0.689641
-0.423000	0.690977
-0.422000	0.692311
-0.421000	0.693643
-0.420000	0.694973
-0.419000	0.696301
-0.418000	0.697627
-0.417000	0.698951
-0.416000	0.700273
-0.415000	0.701594
-0.414000	0.702912
-0.413000	0.704228
-0.412000	0.705541
-0.411000	0.706853
-0.410000	0.708163
-0.409000	0.709471
-0.408000	0.710777
-0.407000	0.712080
-0.406000	0.713382
-0.405000	0.714681
-0.404000	0.715979
-0.403000	0.717274
-0.402000	0.718567
-0.401000	0.719858
-0.400000	0.721147
-0.399000	0.722433
-0.398000	0.723718
-0.397000	0.725000
-0.396000	0.726281
-0.395000	0.727559
-0.394000	0.728834
-0.393000	0.730108
-0.392000	0.731379
-0.391000	0.732649
-0.390000	0.733916
-0.389000	0.735181
-0.388000	0.736443
-0.387000	0.737703
-0.386000	0.738961
-0.385000	0.740217
-0.384000	0.741471
-0.383000	0.742722
-0.382000	0.743971
-0.381000	0.745218
-0.380000	0.746462
-0.379000	0.747704
-0.378000	0.748944
-0.377000	0.750181
-0.376000	0.751416
-0.375000	0.752649
-0.374000	0.753880
-0.373000	0.755108
-0.372000	0.756333
-0.371000	0.757557
-0.370000	0.758778
-0.369000	0.759996
-0.368000	0.761213
-0.367000	0.762426
-0.366000	0.763638
-0.365000	0.764847
-0.364000	0.766053
-0.363000	0.767258
-0.362000	0.768459
-0.361000	0.769659
-0.360000	0.770855
-0.359000	0.772050
-0.358000	0.773242
-0.357000	0.774431
-0.356000	0.775618
-0.355000	0.776803
-0.354000	0.777985
-0.353000	0.779164
-0.352000	0.780341
-0.351000	0.781515
-0.350000	0.782687
-0.349000	0.783857
-0.348000	0.785024
-0.347000	0.786188
-0.346000	0.787350
-0.345000	0.788509
-0.344000	0.789666
-0.343000	0.790820
-0.342000	0.791971
-0.341000	0.793120
-0.340000	0.794267
-0.339000	0.795410
-0.338000	0.796552
-0.337000	0.797690
-0.336000	0.798826
-0.335000	0.799959
-0.334000	0.801090
-0.333000	0.802218
-0.332000	0.803344
-0.331000	0.804466
-0.330000	0.805586
-0.329000	0.806704
-0.328000	0.807818
-0.327000	0.808931
-0.326000	0.810040
-0.325000	0.811147
-0.324000	0.812251
-0.323000	0.813352
-0.322000	0.814450
-0.321000	0.815546
-0.320000	0.816639
-0.319000	0.817730
-0.318000	0.818817
-0.317000	0.819902
-0.316000	0.820985
-0.315000	0.822064
-0.314000	0.823141
-0.313000	0.824214
-0.312000	0.825286
-0.311000	0.826354
-0.310000	0.827419
-0.309000	0.828482
-0.308000	0.829542
-0.307000	0.830599
-0.306000	0.831654
-0.305000	0.832705
-0.304000	0.833754
-0.303000	0.834800
-0.302000	0.835843
-0.301000	0.836883
-0.300000	0.837920
-0.299000	0.838955
-0.298000	0.839986
-0.297000	0.841015
-0.296000	0.842041
-0.295000	0.843064
-0.294000	0.844084
-0.293000	0.845101
-0.292000	0.846115
-0.291000	0.847127
-0.290000	0.848135
-0.289000	0.849141
-0.288000	0.850143
-0.287000	0.851143
-0.286000	0.852140
-0.285000	0.853134
-0.284000	0.854125
-0.283000	0.855113
-0.282000	0.856098
-0.281000	0.857080
-0.280000	0.858059
-0.279000	0.859035
-0.278000	0.860008
-0.277000	0.860978
-0.276000	0.861946
-0.275000	0.862910
-0.274000	0.863871
-0.273000	0.864829
-0.272000	0.865784
-0.271000	0.866736
-0.270000	0.867685
-0.269000	0.868632
-0.268000	0.869575
-0.267000	0.870515
-0.266000	0.871452
-0.265000	0.872386
-0.264000	0.873316
-0.263000	0.874244
-0.262000	0.875169
-0.261000	0.876091
-0.260000	0.877009
-0.259000	0.877925
-0.258000	0.878837
-0.257000	0.879747
-0.256000	0.880653
-0.255000	0.881556
-0.254000	0.882456
-0.253000	0.883353
-0.252000	0.884247
-0.251000	0.885138
-0.250000	0.886025
-0.249000	0.886910
-0.248000	0.887791
-0.247000	0.888669
-0.246000	0.889544
-0.245000	0.890416
-0.244000	0.891285
-0.243000	0.892151
-0.242000	0.893013
-0.241000	0.893872
-0.240000	0.894728
-0.239000	0.895581
-0.238000	0.896431
-0.237000	0.897277
-0.236000	0.898121
-0.235000	0.898961
-0.234000	0.899798
-0.233000	0.900631
-0.232000	0.901462
-0.231000	0.902289
-0.230000	0.903113
-0.229000	0.903934
-0.228000	0.904752
-0.227000	0.905566
-0.226000	0.906377
-0.225000	0.907185
-0.224000	0.907990
-0.223000	0.908791
-0.222000	0.909589
-0.221000	0.910384
-0.220000	0.911176
-0.219000	0.911964
-0.218000	0.912749
-0.217000	0.913531
-0.216000	0.914309
-0.215000	0.915084
-0.214000	0.915856
-0.213000	0.916625
-0.212000	0.917390
-0.211000	0.918152
-0.210000	0.918911
-0.209000	0.919666
-0.208000	0.920418
-0.207000	0.921167
-0.206000	0.921912
-0.205000	0.922654
-0.204000	0.923393
-0.203000	0.924129
-0.202000	0.924861
-0.201000	0.925589
-0.200000	0.926315
-0.199000	0.927037
-0.198000	0.927755
-0.197000	0.928471
-0.196000	0.929183
-0.195000	0.929891
-0.194000	0.930596
-0.193000	0.931298
-0.192000	0.931996
-0.191000	0.932692
-0.190000	0.933383
-0.189000	0.934071
-0.188000	0.934756
-0.187000	0.935438
-0.186000	0.936116
-0.185000	0.936790
-0.184000	0.937462
-0.183000	0.938129
-0.182000	0.938794
-0.181000	0.939455
-0.180000	0.940112
-0.179000	0.940766
-0.178000	0.941417
-0.177000	0.942064
-0.176000	0.942708
-0.175000	0.943348
-0.174000	0.943985
-0.173000	0.944619
-0.172000	0.945249
-0.171000	0.945875
-0.170000	0.946498
-0.169000	0.947118
-0.168000	0.947734
-0.167000	0.948347
-0.166000	0.948956
-0.165000	0.949562
-0.164000	0.950164
-0.163000	0.950763
-0.162000	0.951358
-0.161000	0.951950
-0.160000	0.952538
-0.159000	0.953123
-0.158000	0.953704
-0.157000	0.954282
-0.156000	0.954856
-0.155000	0.955427
-0.154000	0.955994
-0.153000	0.956558
-0.152000	0.957118
-0.151000	0.957675
-0.150000	0.958228
-0.149000	0.958778
-0.148000	0.959324
-0.147000	0.959867
-0.146000	0.960406
-0.145000	0.960941
-0.144000	0.961473
-0.143000	0.962001
-0.142000	0.962526
-0.141000	0.963048
-0.140000	0.963565
-0.139000	0.964080
-0.138000	0.964590
-0.137000	0.965097
-0.136000	0.965601
-0.135000	0.966101
-0.134000	0.966597
-0.133000	0.967090
-0.132000	0.967579
-0.131000	0.968065
-0.130000	0.968547
-0.129000	0.969025
-0.128000	0.969500
-0.127000	0.969972
-0.126000	0.970439
-0.125000	0.970904
-0.124000	0.971364
-0.123000	0.971821
-0.122000	0.972274
-0.121000	0.972724
-0.120000	0.973170
-0.119000	0.973613
-0.118000	0.974052
-0.117000	0.974487
-0.116000	0.974919
-0.115000	0.975347
-0.114000	0.975771
-0.113000	0.976192
-0.112000	0.976609
-0.111000	0.977023
-0.110000	0.977433
-0.109000	0.977839
-0.108000	0.978242
-0.107000	0.978641
-0.106000	0.979036
-0.105000	0.979428
-0.104000	0.979816
-0.103000	0.980200
-0.102000	0.980581
-0.101000	0.980959
-0.100000	0.981332
-0.099000	0.981702
-0.098000	0.982068
-0.097000	0.982431
-0.096000	0.982790
-0.095000	0.983145
-0.094000	0.983497
-0.093000	0.983845
-0.092000	0.984189
-0.091000	0.984529
-0.090000	0.984866
-0.089000	0.985200
-0.088000	0.985529
-0.087000	0.985855
-0.086000	0.986177
-0.085000	0.986496
-0.084000	0.986811
-0.083000	0.987122
-0.082000	0.987430
-0.081000	0.987733
-0.080000	0.988034
-0.079000	0.988330
-0.078000	0.988623
-0.077000	0.988912
-0.076000	0.989197
-0.075000	0.989479
-0.074000	0.989757
-0.073000	0.990031
-0.072000	0.990302
-0.071000	0.990569
-0.070000	0.990832
-0.069000	0.991092
-0.068000	0.991348
-0.067000	0.991600
-0.066000	0.991848
-0.065000	0.992093
-0.064000	0.992334
-0.063000	0.992571
-0.062000	0.992805
-0.061000	0.993034
-0.060000	0.993261
-0.059000	0.993483
-0.058000	0.993702
-0.057000	0.993917
-0.056000	0.994128
-0.055000	0.994336
-0.054000	0.994539
-0.053000	0.994740
-0.052000	0.994936
-0.051000	0.995129
-0.050000	0.995318
-0.049000	0.995503
-0.048000	0.995684
-0.047000	0.995862
-0.046000	0.996036
-0.045000	0.996206
-0.044000	0.996373
-0.043000	0.996536
-0.042000	0.996695
-0.041000	0.996850
-0.040000	0.997002
-0.039000	0.997150
-0.038000	0.997294
-0.037000	0.997435
-0.036000	0.997571
-0.035000	0.997704
-0.034000	0.997834
-0.033000	0.997959
-0.032000	0.998081
-0.031000	0.998199
-0.030000	0.998313
-0.029000	0.998424
-0.028000	0.998531
-0.027000	0.998634
-0.026000	0.998733
-0.025000	0.998828
-0.024000	0.998920
-0.023000	0.999008
-0.022000	0.999093
-0.021000	0.999173
-0.020000	0.999250
-0.019000	0.999323
-0.018000	0.999393
-0.017000	0.999458
-0.016000	0.999520
-0.015000	0.999578
-0.014000	0.999633
-0.013000	0.999683
-0.012000	0.999730
-0.011000	0.999773
-0.010000	0.999813
-0.009000	0.999848
-0.008000	0.999880
-0.007000	0.999908
-0.006000	0.999933
-0.005000	0.999953
-0.004000	0.999970
-0.003000	0.999983
-0.002000	0.999993
-0.001000	0.999998
0.000000	1.000000
0.001000	0.999998
0.002000	0.999993
0.003000	0.999983
0.004000	0.999970
0.005000	0.999953
0.006000	0.999933
0.007000	0.999908
0.008000	0.999880
0.009000	0.999848
0.010000	0.999813
0.011000	0.999773
0.012000	0.999730
0.013000	0.999683
0.014000	0.999633
0.015000	0.999578
0.016000	0.999520
0.017000	0.999458
0.018000	0.999393
0.019000	0.999323
0.020000	0.999250
0.021000	0.999173
0.022000	0.999093
0.023000	0.999008
0.024000	0.998920
0.025000	0.998828
0.026000	0.998733
0.027000	0.998634
0.028000	0.998531
0.029000	0.998424
0.030000	0.998313
0.031000	0.998199
0.032000	0.998081
0.033000	0.997959
0.034000	0.997834
0.035000	0.997704
0.036000	0.997571
0.037000	0.997435
0.038000	0.997294
0.039000	0.997150
0.040000	0.997002
0.041000	0.996850
0.042000	0.996695
0.043000	0.996536
0.044000	0.996373
0.045000	0.996206
0.046000	0.996036
0.047000	0.995862
0.048000	0.995684
0.049000	0.995503
0.050000	0.995318
0.051000	0.995129
0.052000	0.994936
0.053000	0.994740
0.054000	0.994539
0.055000	0.994336
0.056000	0.994128
0.057000	0.993917
0.058000	0.993702
0.059000	0.993483
0.060000	0.993261
0.061000	0.993034
0.062000	0.992805
0.063000	0.992571
0.064000	0.992334
0.065000	0.992093
0.066000	0.991848
0.067000	0.991600
0.068000	0.991348
0.069000	0.991092
0.070000	0.990832
0.071000	0.990569
0.072000	0.990302
0.073000	0.990031
0.074000	0.989757
0.075000	0.989479
0.076000	0.989197
0.077000	0.988912
0.078000	0.988623
0.079000	0.988330
0.080000	0.988034
0.081000	0.987733
0.082000	0.987430
0.083000	0.987122
0.084000	0.986811
0.085000	0.986496
0.086000	0.986177
0.087000	0.985855
0.088000	0.985529
0.089000	0.985200
0.090000	0.984866
0.091000	0.984529
0.092000	0.984189
0.093000	0.983845
0.094000	0.983497
0.095000	0.983145
0.096000	0.982790
0.097000	0.982431
0.098000	0.982068
0.099000	0.981702
0.100000	0.981332
0.101000	0.980959
0.102000	0.980581
0.103000	0.980200
0.104000	0.979816
0.105000	0.979428
0.106000	0.979036
0.107000	0.978641
0.108000	0.978242
0.109000	0.977839
0.110000	0.977433
0.111000	0.977023
0.112000	0.976609
0.113000	0.976192
0.114000	0.975771
0.115000	0.975347
0.116000	0.974919
0.117000	0.974487
0.118000	0.974052
0.119000	0.973613
0.120000	0.973170
0.121000	0.972724
0.122000	0.972274
0.123000	0.971821
0.124000	0.971364
0.125000	0.970904
0.126000	0.970439
0.127000	0.969972
0.128000	0.969500
0.129000	0.969025
0.130000	0.968547
0.131000	0.968065
0.132000	0.967579
0.133000	0.967090
0.134000	0.966597
0.135000	0.966101
0.136000	0.965601
0.137000	0.965097
0.138000	0.964590
0.139000	0.964080
0.140000	0.963565
0.141000	0.963048
0.142000	0.962526
0.143000	0.962001
0.144000	0.961473
0.145000	0.960941
0.146000	0.960406
0.147000	0.959867
0.148000	0.959324
0.149000	0.958778
0.150000	0.958228
0.151000	0.957675
0.152000	0.957118
0.153000	0.956558
0.154000	0.955994
0.155000	0.955427
0.156000	0.954856
0.157000	0.954282
0.158000	0.953704
0.159000	0.953123
0.160000	0.952538
0.161000	0.951950
0.162000	0.951358
0.163000	0.950763
0.164000	0.950164
0.165000	0.949562
0.166000	0.948956
0.167000	0.948347
0.168000	0.947734
0.169000	0.947118
0.170000	0.946498
0.171000	0.945875
0.172000	0.945249
0.173000	0.944619
0.174000	0.943985
0.175000	0.943348
0.176000	0.942708
0.177000	0.942064
0.178000	0.941417
0.179000	0.940766
0.180000	0.940112
0.181000	0.939455
0.182000	0.938794
0.183000	0.938129
0.184000	0.937462
0.185000	0.936790
0.186000	0.936116
0.187000	0.935438
0.188000	0.934756
0.189000	0.934071
0.190000	0.933383
0.191000	0.932692
0.192000	0.931996
0.193000	0.931298
0.194000	0.930596
0.195000	0.929891
0.196000	0.929183
0.197000	0.928471
0.198000	0.927755
0.199000	0.927037
0.200000	0.926315
0.201000	0.925589
0.202000	0.924861
0.203000	0.924129
0.204000	0.923393
0.205000	0.922654
0.206000	0.921912
0.207000	0.921167
0.208000	0.920418
0.209000	0.919666
0.210000	0.918911
0.211000	0.918152
0.212000	0.917390
0.213000	0.916625
0.214000	0.915856
0.215000	0.915084
0.216000	0.914309
0.217000	0.913531
0.218000	0.912749
0.219000	0.911964
0.220000	0.911176
0.221000	0.910384
0.222000	0.909589
0.223000	0.908791
0.224000	0.907990
0.225000	0.907185
0.226000	0.906377
0.227000	0.905566
0.228000	0.904752
0.229000	0.903934
0.230000	0.903113
0.231000	0.902289
0.232000	0.901462
0.233000	0.900631
0.234000	0.899798
0.235000	0.898961
0.236000	0.898121
0.237000	0.897277
0.238000	0.896431
0.239000	0.895581
0.240000	0.894728
0.241000	0.893872
0.242000	0.893013
0.243000	0.892151
0.244000	0.891285
0.245000	0.890416
0.246000	0.889544
0.247000	0.888669
0.248000	0.887791
0.249000	0.886910
0.250000	0.886025
0.251000	0.885138
0.252000	0.884247
0.253000	0.883353
0.254000	0.882456
0.255000	0.881556
0.256000	0.880653
0.257000	0.879747
0.258000	0.878837
0.259000	0.877925
0.260000	0.877009
0.261000	0.876091
0.262000	0.875169
0.263000	0.874244
0.264000	0.873316
0.265000	0.872386
0.266000	0.871452
0.267000	0.870515
0.268000	0.869575
0.269000	0.868632
0.270000	0.867685
0.271000	0.866736
0.272000	0.865784
0.273000	0.864829
0.274000	0.863871
0.275000	0.862910
0.276000	0.861946
0.277000	0.860978
0.278000	0.860008
0.279000	0.859035
0.280000	0.858059
0.281000	0.857080
0.282000	0.856098
0.283000	0.855113
0.284000	0.854125
0.285000	0.853134
0.286000	0.852140
0.287000	0.851143
0.288000	0.850143
0.289000	0.849141
0.290000	0.848135
0.291000	0.847127
0.292000	0.846115
0.293000	0.845101
0.294000	0.844084
0.295000	0.843064
0.296000	0.842041
0.297000	0.841015
0.298000	0.839986
0.299000	0.838955
0.300000	0.837920
0.301000	0.836883
0.302000	0.835843
0.303000	0.834800
0.304000	0.833754
0.305000	0.832705
0.306000	0.831654
0.307000	0.830599
0.308000	0.829542
0.309000	0.828482
0.310000	0.827419
0.311000	0.826354
0.312000	0.825286
0.313000	0.824214
0.314000	0.823141
0.315000	0.822064
0.316000	0.820985
0.317000	0.819902
0.318000	0.818817
0.319000	0.817730
0.320000	0.816639
0.321000	0.815546
0.322000	0.814450
0.323000	0.813352
0.324000	0.812251
0.325000	0.811147
0.326000	0.810040
0.327000	0.808931
0.328000	0.807818
0.329000	0.806704
0.330000	0.805586
0.331000	0.804466
0.332000	0.803344
0.333000	0.802218
0.334000	0.801090
0.335000	0.799959
0.336000	0.798826
0.337000	0.797690
0.338000	0.796552
0.339000	0.795410
0.340000	0.794267
0.341000	0.793120
0.342000	0.791971
0.343000	0.790820
0.344000	0.789666
0.345000	0.788509
0.346000	0.787350
0.347000	0.786188
0.348000	0.785024
0.349000	0.783857
0.350000	0.782687
0.351000	0.781515
0.352000	0.780341
0.353000	0.779164
0.354000	0.777985
0.355000	0.776803
0.356000	0.775618
0.357000	0.774431
0.358000	0.773242
0.359000	0.772050
0.360000	0.770855
0.361000	0.769659
0.362000	0.768459
0.363000	0.767258
0.364000	0.766053
0.365000	0.764847
0.366000	0.763638
0.367000	0.762426
0.368000	0.761213
0.369000	0.759996
0.370000	0.758778
0.371000	0.757557
0.372000	0.756333
0.373000	0.755108
0.374000	0.753880
0.375000	0.752649
0.376000	0.751416
0.377000	0.750181
0.378000	0.748944
0.379000	0.747704
0.380000	0.746462
0.381000	0.745218
0.382000	0.743971
0.383000	0.742722
0.384000	0.741471
0.385000	0.740217
0.386000	0.738961
0.387000	0.737703
0.388000	0.736443
0.389000	0.735181
0.390000	0.733916
0.391000	0.732649
0.392000	0.731379
0.393000	0.730108
0.394000	0.728834
0.395000	0.727559
0.396000	0.726281
0.397000	0.725000
0.398000	0.723718
0.399000	0.722433
0.400000	0.721147
0.401000	0.719858
0.402000	0.718567
0.403000	0.717274
0.404000	0.715979
0.405000	0.714681
0.406000	0.713382
0.407000	0.712080
0.408000	0.710777
0.409000	0.709471
0.410000	0.708163
0.411000	0.706853
0.412000	0.705541
0.413000	0.704228
0.414000	0.702912
0.415000	0.701594
0.416000	0.700273
0.417000	0.698951
0.418000	0.697627
0.419000	0.696301
0.420000	0.694973
0.421000	0.693643
0.422000	0.692311
0.423000	0.690977
0.424000	0.689641
0.425000	0.688304
0.426000	0.686964
0.427000	0.685622
0.428000	0.684279
0.429000	0.682933
0.430000	0.681586
0.431000	0.680236
0.432000	0.678885
0.433000	0.677532
0.434000	0.676177
0.435000	0.674820
0.436000	0.673462
0.437000	0.672101
0.438000	0.670739
0.439000	0.669375
0.440000	0.668009
0.441000	0.666641
0.442000	0.665272
0.443000	0.663900
0.444000	0.662527
0.445000	0.661152
0.446000	0.659776
0.447000	0.658397
0.448000	0.657017
0.449000	0.655636
0.450000	0.654252
0.451000	0.652867
0.452000	0.651480
0.453000	0.650091
0.454000	0.648701
0.455000	0.647309
0.456000	0.645915
0.457000	0.644520
0.458000	0.643123
0.459000	0.641724
0.460000	0.640324
0.461000	0.638922
0.462000	0.637519
0.463000	0.636114
0.464000	0.634707
0.465000	0.633299
0.466000	0.631889
0.467000	0.630478
0.468000	0.629065
0.469000	0.627651
0.470000	0.626235
0.471000	0.624817
0.472000	0.623398
0.473000	0.621978
0.474000	0.620556
0.475000	0.619133
0.476000	0.617708
0.477000	0.616281
0.478000	0.614854
0.479000	0.613424
0.480000	0.611994
0.481000	0.610562
0.482000	0.609128
0.483000	0.607693
0.484000	0.606257
0.485000	0.604819
0.486000	0.603380
0.487000	0.601940
0.488000	0.600498
0.489000	0.599055
0.490000	0.597611
0.491000	0.596165
0.492000	0.594718
0.493000	0.593270
0.494000	0.591820
0.495000	0.590369
0.496000	0.588917
0.497000	0.587463
0.498000	0.586009
0.499000	0.584553
0.500000	0.583096
0.501000	0.581637
0.502000	0.580178
0.503000	0.578717
0.504000	0.577255
0.505000	0.575792
0.506000	0.574328
0.507000	0.572862
0.508000	0.571396
0.509000	0.569928
0.510000	0.568459
0.511000	0.566989
0.512000	0.565518
0.513000	0.564046
0.514000	0.562573
0.515000	0.561099
0.516000	0.559624
0.517000	0.558147
0.518000	0.556670
0.519000	0.555192
0.520000	0.553712
0.521000	0.552232
0.522000	0.550750
0.523000	0.549268
0.524000	0.547785
0.525000	0.546300
0.526000	0.544815
0.527000	0.543329
0.528000	0.541842
0.529000	0.540354
0.530000	0.538865
0.531000	0.537375
0.532000	0.535884
0.533000	0.534393
0.534000	0.532901
0.535000	0.531407
0.536000	0.529913
0.537000	0.528418
0.538000	0.526923
0.539000	0.525426
0.540000	0.523929
0.541000	0.522431
0.542000	0.520932
0.543000	0.519432
0.544000	0.517932
0.545000	0.516431
0.546000	0.514929
0.547000	0.513427
0.548000	0.511924
0.549000	0.510420
0.550000	0.508915
0.551000	0.507410
0.552000	0.505904
0.553000	0.504398
0.554000	0.502891
0.555000	0.501383
0.556000	0.499875
0.557000	0.498366
0.558000	0.496856
0.559000	0.495346
0.560000	0.493836
0.561000	0.492324
0.562000	0.490813
0.563000	0.489301
0.564000	0.487788
0.565000	0.486275
0.566000	0.484761
0.567000	0.483247
0.568000	0.481732
0.569000	0.480217
0.570000	0.478702
0.571000	0.477186
0.572000	0.475670
0.573000	0.474153
0.574000	0.472636
0.575000	0.471119
0.576000	0.469601
0.577000	0.468083
0.578000	0.466564
0.579000	0.465045
0.580000	0.463526
0.581000	0.462007
0.582000	0.460487
0.583000	0.458967
0.584000	0.457447
0.585000	0.455927
0.586000	0.454406
0.587000	0.452885
0.588000	0.451364
0.589000	0.449843
0.590000	0.448321
0.591000	0.446800
0.592000	0.445278
0.593000	0.443756
0.594000	0.442234
0.595000	0.440712
0.596000	0.439189
0.597000	0.437667
0.598000	0.436144
0.599000	0.434622
0.600000	0.433099
0.601000	0.431577
0.602000	0.430054
0.603000	0.428531
0.604000	0.427009
0.605000	0.425486
0.606000	0.423963
0.607000	0.422441
0.608000	0.420918
0.609000	0.419396
0.610000	0.417873
0.611000	0.416351
0.612000	0.414829
0.613000	0.413307
0.614000	0.411785
0.615000	0.410263
0.616000	0.408741
0.617000	0.407220
0.618000	0.405699
0.619000	0.404178
0.620000	0.402657
0.621000	0.401136
0.622000	0.399616
0.623000	0.398095
0.624000	0.396576
0.625000	0.395056
0.626000	0.393537
0.627000	0.392018
0.628000	0.390499
0.629000	0.388981
0.630000	0.387463
0.631000	0.385945
0.632000	0.384428
0.633000	0.382911
0.634000	0.381395
0.635000	0.379879
0.636000	0.378363
0.637000	0.376848
0.638000	0.375333
0.639000	0.373819
0.640000	0.372305
0.641000	0.370792
0.642000	0.369280
0.643000	0.367767
0.644000	0.366256
0.645000	0.364745
0.646000	0.363234
0.647000	0.361725
0.648000	0.360215
0.649000	0.358707
0.650000	0.357199
0.651000	0.355691
0.652000	0.354185
0.653000	0.352679
0.654000	0.351174
0.655000	0.349669
0.656000	0.348165
0.657000	0.346662
0.658000	0.345160
0.659000	0.343658
0.660000	0.342157
0.661000	0.340657
0.662000	0.339158
0.663000	0.337660
0.664000	0.336162
0.665000	0.334665
0.666000	0.333170
0.667000	0.331675
0.668000	0.330181
0.669000	0.328687
0.670000	0.327195
0.671000	0.325704
0.672000	0.324214
0.673000	0.322724
0.674000	0.321236
0.675000	0.319749
0.676000	0.318263
0.677000	0.316777
0.678000	0.315293
0.679000	0.313810
0.680000	0.312328
0.681000	0.310847
0.682000	0.309367
0.683000	0.307889
0.684000	0.306411
0.685000	0.304935
0.686000	0.303460
0.687000	0.301986
0.688000	0.300513
0.689000	0.299041
0.690000	0.297571
0.691000	0.296102
0.692000	0.294634
0.693000	0.293168
0.694000	0.291703
0.695000	0.290239
0.696000	0.288776
0.697000	0.287315
0.698000	0.285855
0.699000	0.284397
0.700000	0.282940
0.701000	0.281484
0.702000	0.280030
0.703000	0.278577
0.704000	0.277126
0.705000	0.275676
0.706000	0.274228
0.707000	0.272781
0.708000	0.271336
0.709000	0.269892
0.710000	0.268450
0.711000	0.267010
0.712000	0.265571
0.713000	0.264134
0.714000	0.262698
0.715000	0.261264
0.716000	0.259831
0.717000	0.258401
0.718000	0.256972
0.719000	0.255545
0.720000	0.254119
0.721000	0.252695
0.722000	0.251273
0.723000	0.249853
0.724000	0.248434
0.725000	0.247018
0.726000	0.245603
0.727000	0.244190
0.728000	0.242779
0.729000	0.241370
0.730000	0.239963
0.731000	0.238557
0.732000	0.237154
0.733000	0.235752
0.734000	0.234353
0.735000	0.232955
0.736000	0.231560
0.737000	0.230166
0.738000	0.228775
0.739000	0.227385
0.740000	0.225998
0.741000	0.224613
0.742000	0.223230
0.743000	0.221849
0.744000	0.220470
0.745000	0.219093
0.746000	0.217719
0.747000	0.216347
0.748000	0.214977
0.749000	0.213609
0.750000	0.212243
0.751000	0.210880
0.752000	0.209519
0.753000	0.208160
0.754000	0.206804
0.755000	0.205450
0.756000	0.204098
0.757000	0.202749
0.758000	0.201402
0.759000	0.200058
0.760000	0.198716
0.761000	0.197376
0.762000	0.196039
0.763000	0.194705
0.764000	0.193373
0.765000	0.192043
0.766000	0.190716
0.767000	0.189392
0.768000	0.188070
0.769000	0.186751
0.770000	0.185434
0.771000	0.184120
0.772000	0.182809
0.773000	0.181500
0.774000	0.180194
0.775000	0.178891
0.776000	0.177591
0.777000	0.176293
0.778000	0.174998
0.779000	0.173706
0.780000	0.172417
0.781000	0.171131
0.782000	0.169847
0.783000	0.168566
0.784000	0.167289
0.785000	0.166014
0.786000	0.164742
0.787000	0.163473
0.788000	0.162207
0.789000	0.160944
0.790000	0.159684
0.791000	0.158427
0.792000	0.157173
0.793000	0.155922
0.794000	0.154674
0.795000	0.153430
0.796000	0.152188
0.797000	0.150950
0.798000	0.149715
0.799000	0.148483
0.800000	0.147254
0.801000	0.146029
0.802000	0.144806
0.803000	0.143587
0.804000	0.142372
0.805000	0.141159
0.806000	0.139950
0.807000	0.138745
0.808000	0.137542
0.809000	0.136344
0.810000	0.135148
0.811000	0.133956
0.812000	0.132768
0.813000	0.131583
0.814000	0.130401
0.815000	0.129223
0.816000	0.128049
0.817000	0.126878
0.818000	0.125711
0.819000	0.124547
0.820000	0.123387
0.821000	0.122231
0.822000	0.121078
0.823000	0.119929
0.824000	0.118784
0.825000	0.117642
0.826000	0.116505
0.827000	0.115371
0.828000	0.114241
0.829000	0.113115
0.830000	0.111992
0.831000	0.110874
0.832000	0.109759
0.833000	0.108648
0.834000	0.107542
0.835000	0.106439
0.836000	0.105340
0.837000	0.104245
0.838000	0.103155
0.839000	0.102068
0.840000	0.100985
0.841000	0.099907
0.842000	0.098833
0.843000	0.097762
0.844000	0.096696
0.845000	0.095635
0.846000	0.094577
0.847000	0.093524
0.848000	0.092475
0.849000	0.091430
0.850000	0.090390
0.851000	0.089353
0.852000	0.088322
0.853000	0.087294
0.854000	0.086271
0.855000	0.085253
0.856000	0.084239
0.857000	0.083230
0.858000	0.082225
0.859000	0.081224
0.860000	0.080228
0.861000	0.079237
0.862000	0.078250
0.863000	0.077268
0.864000	0.076291
0.865000	0.075318
0.866000	0.074350
0.867000	0.073387
0.868000	0.072428
0.869000	0.071474
0.870000	0.070526
0.871000	0.069582
0.872000	0.068642
0.873000	0.067708
0.874000	0.066779
0.875000	0.065854
0.876000	0.064935
0.877000	0.064020
0.878000	0.063111
0.879000	0.062206
0.880000	0.061307
0.881000	0.060413
0.882000	0.059524
0.883000	0.058640
0.884000	0.057761
0.885000	0.056888
0.886000	0.056019
0.887000	0.055156
0.888000	0.054298
0.889000	0.053446
0.890000	0.052599
0.891000	0.051757
0.892000	0.050921
0.893000	0.050090
0.894000	0.049265
0.895000	0.048445
0.896000	0.047630
0.897000	0.046822
0.898000	0.046018
0.899000	0.045221
0.900000	0.044429
0.901000	0.043642
0.902000	0.042862
0.903000	0.042087
0.904000	0.041318
0.905000	0.040554
0.906000	0.039797
0.907000	0.039045
0.908000	0.038299
0.909000	0.037559
0.910000	0.036825
0.911000	0.036097
0.912000	0.035375
0.913000	0.034659
0.914000	0.033949
0.915000	0.033245
0.916000	0.032547
0.917000	0.031856
0.918000	0.031170
0.919000	0.030491
0.920000	0.029818
0.921000	0.029152
0.922000	0.028491
0.923000	0.027838
0.924000	0.027190
0.925000	0.026549
0.926000	0.025914
0.927000	0.025286
0.928000	0.024665
0.929000	0.024050
0.930000	0.023441
0.931000	0.022839
0.932000	0.022244
0.933000	0.021656
0.934000	0.021074
0.935000	0.020499
0.936000	0.019931
0.937000	0.019370
0.938000	0.018816
0.939000	0.018268
0.940000	0.017728
0.941000	0.017195
0.942000	0.016668
0.943000	0.016149
0.944000	0.015637
0.945000	0.015132
0.946000	0.014635
0.947000	0.014144
0.948000	0.013661
0.949000	0.013185
0.950000	0.012717
0.951000	0.012256
0.952000	0.011803
0.953000	0.011357
0.954000	0.010918
0.955000	0.010488
0.956000	0.010064
0.957000	0.009649
0.958000	0.009241
0.959000	0.008842
0.960000	0.008450
0.961000	0.008066
0.962000	0.007690
0.963000	0.007322
0.964000	0.006962
0.965000	0.006610
0.966000	0.006266
0.967000	0.005931
0.968000	0.005603
0.969000	0.005285
0.970000	0.004974
0.971000	0.004672
0.972000	0.004379
0.973000	0.004094
0.974000	0.003818
0.975000	0.003551
0.976000	0.003292
0.977000	0.003043
0.978000	0.002802
0.979000	0.002570
0.980000	0.002348
0.981000	0.002135
0.982000	0.001931
0.983000	0.001736
0.984000	0.001551
0.985000	0.001376
0.986000	0.001210
0.987000	0.001054
0.988000	0.000908
0.989000	0.000772
0.990000	0.000646
0.991000	0.000531
0.992000	0.000426
0.993000	0.000332
0.994000	0.000249
0.995000	0.000177
0.996000	0.000117
0.997000	0.000068
0.998000	0.000032
0.999000	0.000009
1.000000	0.000000
1.001000	0.000000
1.002000	0.000000
1.003000	0.000000
1.004000	0.000000
1.005000	0.000000
1.006000	0.000000
1.007000	0.000000
1.008000	0.000000
1.009000	0.000000
1.010000	0.000000
1.011000	0.000000
1.012000	0.000000
1.013000	0.000000
1.014000	0.000000
1.015000	0.000000
1.016000	0.000000
1.017000	0.000000
1.018000	0.000000
1.019000	0.000000
1.020000	0.000000
1.021000	0.000000
1.022000	0.000000
1.023000	0.000000
1.024000	0.000000
1.025000	0.000000
1.026000	0.000000
1.027000	0.000000
1.028000	0.000000
1.029000	0.000000
1.030000	0.000000
1.031000	0.000000
1.032000	0.000000
1.033000	0.000000
1.034000	0.000000
1.035000	0.000000
1.036000	0.000000
1.037000	0.000000
1.038000	0.000000
1.039000	0.000000
1.040000	0.000000
1.041000	0.000000
1.042000	0.000000
1.043000	0.000000
1.044000	0.000000
1.045000	0.000000
1.046000	0.000000
1.047000	0.000000
1.048000	0.000000
1.049000	0.000000
1.050000	0.000000
1.051000	0.000000
1.052000	0.000000
1.053000	0.000000
1.054000	0.000000
1.055000	0.000000
1.056000	0.000000
1.057000	0.000000
1.058000	0.000000
1.059000	0.000000
1.060000	0.000000
1.061000	0.000000
1.062000	0.000000
1.063000	0.000000
1.064000	0.000000
1.065000	0.000000
1.066000	0.000000
1.067000	0.000000
1.068000	0.000000
1.069000	0.000000
1.070000	0.000000
1.071000	0.000000
1.072000	0.000000
1.073000	0.000000
1.074000	0.000000
1.075000	0.000000
1.076000	0.000000
1.077000	0.000000
1.078000	0.000000
1.079000	0.000000
1.080000	0.000000
1.081000	0.000000
1.082000	0.000000
1.083000	0.000000
1.084000	0.000000
1.085000	0.000000
1.086000	0.000000
1.087000	0.000000
1.088000	0.000000
1.089000	0.000000
1.090000	0.000000
1.091000	0.000000
1.092000	0.000000
1.093000	0.000000
1.094000	0.000000
1.095000	0.000000
1.096000	0.000000
1.097000	0.000000
1.098000	0.000000
1.099000	0.000000
1.100000	0.000000
1.101000	0.000000
1.102000	0.000000
1.103000	0.000000
1.104000	0.000000
1.105000	0.000000
1.106000	0.000000
1.107000	0.000000
1.108000	0.000000
1.109000	0.000000
1.110000	0.000000
1.111000	0.000000
1.112000	0.000000
1.113000	0.000000
1.114000	0.000000
1.115000	0.000000
1.116000	0.000000
1.117000	0.000000
1.118000	0.000000
1.119000	0.000000
1.120000	0.000000
1.121000	0.000000
1.122000	0.000000
1.123000	0.000000
1.124000	0.000000
1.125000	0.000000
1.126000	0.000000
1.127000	0.000000
1.128000	0.000000
1.129000	0.000000
1.130000	0.000000
1.131000	0.000000
1.132000	0.000000
1.133000	0.000000
1.134000	0.000000
1.135000	0.000000
1.136000	0.000000
1.137000	0.000000
1.138000	0.000000
1.139000	0.000000
1.140000	0.000000
1.141000	0.000000
1.142000	0.000000
1.143000	0.000000
1.144000	0.000000
1.145000	0.000000
1.146000	0.000000
1.147000	0.000000
1.148000	0.000000
1.149000	0.000000
1.150000	0.000000
1.151000	0.000000
1.152000	0.000000
1.153000	0.000000
1.154000	0.000000
1.155000	0.000000
1.156000	0.000000
1.157000	0.000000
1.158000	0.000000
1.159000	0.000000
1.160000	0.000000
1.161000	0.000000
1.162000	0.000000
1.163000	0.000000
1.164000	0.000000
1.165000	0.000000
1.166000	0.000000
1.167000	0.000000
1.168000	0.000000
1.169000	0.000000
1.170000	0.000000
1.171000	0.000000
1.172000	0.000000
1.173000	0.000000
1.174000	0.000000
1.175000	0.000000
1.176000	0.000000
1.177000	0.000000
1.178000	0.000000
1.179000	0.000000
1.180000	0.000000
1.181000	0.000000
1.182000	0.000000
1.183000	0.000000
1.184000	0.000000
1.185000	0.000000
1.186000	0.000000
1.187000	0.000000
1.188000	0.000000
1.189000	0.000000
1.190000	0.000000
1.191000	0.000000
1.192000	0.000000
1.193000	0.000000
1.194000	0.000000
1.195000	0.000000
1.196000	0.000000
1.197000	0.000000
1.198000	0.000000
1.199000	0.000000
1.200000	0.000000
1.201000	0.000000
1.202000	0.000000
1.203000	0.000000
1.204000	0.000000
1.205000	0.000000
1.206000	0.000000
1.207000	0.000000
1.208000	0.000000
1.209000	0.000000
1.210000	0.000000
1.211000	0.000000
1.212000	0.000000
1.213000	0.000000
1.214000	0.000000
1.215000	0.000000
1.216000	0.000000
1.217000	0.000000
1.218000	0.000000
1.219000	0.000000
1.220000	0.000000
1.221000	0.000000
1.222000	0.000000
1.223000	0.000000
1.224000	0.000000
1.225000	0.000000
1.226000	0.000000
1.227000	0.000000
1.228000	0.000000
1.229000	0.000000
1.230000	0.000000
1.231000	0.000000
1.232000	0.000000
1.233000	0.000000
1.234000	0.000000
1.235000	0.000000
1.236000	0.000000
1.237000	0.000000
1.238000	0.000000
1.239000	0.000000
1.240000	0.000000
1.241000	0.000000
1.242000	0.000000
1.243000	0.000000
1.244000	0.000000
1.245000	0.000000
1.246000	0.000000
1.247000	0.000000
1.248000	0.000000
1.249000	0.000000
1.250000	0.000000
1.251000	0.000000
1.252000	0.000000
1.253000	0.000000
1.254000	0.000000
1.255000	0.000000
1.256000	0.000000
1.257000	0.000000
1.258000	0.000000
1.259000	0.000000
1.260000	0.000000
1.261000	0.000000
1.262000	0.000000
1.263000	0.000000
1.264000	0.000000
1.265000	0.000000
1.266000	0.000000
1.267000	0.000000
1.268000	0.000000
1.269000	0.000000
1.270000	0.000000
1.271000	0.000000
1.272000	0.000000
1.273000	0.000000
1.274000	0.000000
1.275000	0.000000
1.276000	0.000000
1.277000	0.000000
1.278000	0.000000
1.279000	0.000000
1.280000	0.000000
1.281000	0.000000
1.282000	0.000000
1.283000	0.000000
1.284000	0.000000
1.285000	0.000000
1.286000	0.000000
1.287000	0.000000
1.288000	0.000000
1.289000	0.000000
1.290000	0.000000
1.291000	0.000000
1.292000	0.000000
1.293000	0.000000
1.294000	0.000000
1.295000	0.000000
1.296000	0.000000
1.297000	0.000000
1.298000	0.000000
1.299000	0.000000
1.300000	0.000000
1.301000	0.000000
1.302000	0.000000
1.303000	0.000000
1.304000	0.000000
1.305000	0.000000
1.306000	0.000000
1.307000	0.000000
1.308000	0.000000
1.309000	0.000000
1.310000	0.000000
1.311000	0.000000
1.312000	0.000000
1.313000	0.000000
1.314000	0.000000
1.315000	0.000000
1.316000	0.000000
1.317000	0.000000
1.318000	0.000000
1.319000	0.000000
1.320000	0.000000
1.321000	0.000000
1.322000	0.000000
1.323000	0.000000
1.324000	0.000000
1.325000	0.000000
1.326000	0.000000
1.327000	0.000000
1.328000	0.000000
1.329000	0.000000
1.330000	0.000000
1.331000	0.000000
1.332000	0.000000
1.333000	0.000000
1.334000	0.000000
1.335000	0.000000
1.336000	0.000000
1.337000	0.000000
1.338000	0.000000
1.339000	0.000000
1.340000	0.000000
1.341000	0.000000
1.342000	0.000000
1.343000	0.000000
1.344000	0.000000
1.345000	0.000000
1.346000	0.000000
1.347000	0.000000
1.348000	0.000000
1.349000	0.000000
1.350000	0.000000
1.351000	0.000000
1.352000	0.000000
1.353000	0.000000
1.354000	0.000000
1.355000	0.000000
1.356000	0.000000
1.357000	0.000000
1.358000	0.000000
1.359000	0.000000
1.360000	0.000000
1.361000	0.000000
1.362000	0.000000
1.363000	0.000000
1.364000	0.000000
1.365000	0.000000
1.366000	0.000000
1.367000	0.000000
1.368000	0.000000
1.369000	0.000000
1.370000	0.000000
1.371000	0.000000
1.372000	0.000000
1.373000	0.000000
1.374000	0.000000
1.375000	0.000000
1.376000	0.000000
1.377000	0.000000
1.378000	0.000000
1.379000	0.000000
1.380000	0.000000
1.381000	0.000000
1.382000	0.000000
1.383000	0.000000
1.384000	0.000000
1.385000	0.000000
1.386000	0.000000
1.387000	0.000000
1.388000	0.000000
1.389000	0.000000
1.390000	0.000000
1.391000	0.000000
1.392000	0.000000
1.393000	0.000000
1.394000	0.000000
1.395000	0.000000
1.396000	0.000000
1.397000	0.000000
1.398000	0.000000
1.399000	0.000000
1.400000	0.000000
1.401000	0.000000
1.402000	0.000000
1.403000	0.000000
1.404000	0.000000
1.405000	0.000000
1.406000	0.000000
1.407000	0.000000
1.408000	0.000000
1.409000	0.000000
1.410000	0.000000
1.411000	0.000000
1.412000	0.000000
1.413000	0.000000
1.414000	0.000000
1.415000	0.000000
1.416000	0.000000
1.417000	0.000000
1.418000	0.000000
1.419000	0.000000
1.420000	0.000000
1.421000	0.000000
1.422000	0.000000
1.423000	0.000000
1.424000	0.000000
1.425000	0.000000
1.426000	0.000000
1.427000	0.000000
1.428000	0.000000
1.429000	0.000000
1.430000	0.000000
1.431000	0.000000
1.432000	0.000000
1.433000	0.000000
1.434000	0.000000
1.435000	0.000000
1.436000	0.000000
1.437000	0.000000
1.438000	0.000000
1.439000	0.000000
1.440000	0.000000
1.441000	0.000000
1.442000	0.000000
1.443000	0.000000
1.444000	0.000000
1.445000	0.000000
1.446000	0.000000
1.447000	0.000000
1.448000	0.000000
1.449000	0.000000
1.450000	0.000000
1.451000	0.000000
1.452000	0.000000
1.453000	0.000000
1.454000	0.000000
1.455000	0.000000
1.456000	0.000000
1.457000	0.000000
1.458000	0.000000
1.459000	0.000000
1.460000	0.000000
1.461000	0.000000
1.462000	0.000000
1.463000	0.000000
1.464000	0.000000
1.465000	0.000000
1.466000	0.000000
1.467000	0.000000
1.468000	0.000000
1.469000	0.000000
1.470000	0.000000
1.471000	0.000000
1.472000	0.000000
1.473000	0.000000
1.474000	0.000000
1.475000	0.000000
1.476000	0.000000
1.477000	0.000000
1.478000	0.000000
1.479000	0.000000
1.480000	0.000000
1.481000	0.000000
1.482000	0.000000
1.483000	0.000000
1.484000	0.000000
1.485000	0.000000
1.486000	0.000000
1.487000	0.000000
1.488000	0.000000
1.489000	0.000000
1.490000	0.000000
1.491000	0.000000
1.492000	0.000000
1.493000	0.000000
1.494000	0.000000
1.495000	0.000000
1.496000	0.000000
1.497000	0.000000
1.498000	0.000000
1.499000	0.000000
1.500000	0.000000
1.501000	0.000000
1.502000	0.000000
1.503000	0.000000
1.504000	0.000000
1.505000	0.000000
1.506000	0.000000
1.507000	0.000000
1.508000	0.000000
1.509000	0.000000
1.510000	0.000000
1.511000	0.000000
1.512000	0.000000
1.513000	0.000000
1.514000	0.000000
1.515000	0.000000
1.516000	0.000000
1.517000	0.000000
1.518000	0.000000
1.519000	0.000000
1.520000	0.000000
1.521000	0.000000
1.522000	0.000000
1.523000	0.000000
1.524000	0.000000
1.525000	0.000000
1.526000	0.000000
1.527000	0.000000
1.528000	0.000000
1.529000	0.000000
1.530000	0.000000
1.531000	0.000000
1.532000	0.000000
1.533000	0.000000
1.534000	0.000000
1.535000	0.000000
1.536000	0.000000
1.537000	0.000000
1.538000	0.000000
1.539000	0.000000
1.540000	0.000000
1.541000	0.000000
1.542000	0.000000
1.543000	0.000000
1.544000	0.000000
1.545000	0.000000
1.546000	0.000000
1.547000	0.000000
1.548000	0.000000
1.549000	0.000000
1.550000	0.000000
1.551000	0.000000
1.552000	0.000000
1.553000	0.000000
1.554000	0.000000
1.555000	0.000000
1.556000	0.000000
1.557000	0.000000
1.558000	0.000000
1.559000	0.000000
1.560000	0.000000
1.561000	0.000000
1.562000	0.000000
1.563000	0.000000
1.564000	0.000000
1.565000	0.000000
1.566000	0.000000
1.567000	0.000000
1.568000	0.000000
1.569000	0.000000
1.570000	0.000000
1.571000	0.000000
1.572000	0.000000
1.573000	0.000000
1.574000	0.000000
1.575000	0.000000
1.576000	0.000000
1.577000	0.000000
1.578000	0.000000
1.579000	0.000000
1.580000	0.000000
1.581000	0.000000
1.582000	0.000000
1.583000	0.000000
1.584000	0.000000
1.585000	0.000000
1.586000	0.000000
1.587000	0.000000
1.588000	0.000000
1.589000	0.000000
1.590000	0.000000
1.591000	0.000000
1.592000	0.000000
1.593000	0.000000
1.594000	0.000000
1.595000	0.000000
1.596000	0.000000
1.597000	0.000000
1.598000	0.000000
1.599000	0.000000
1.600000	0.000000
1.601000	0.000000
1.602000	0.000000
1.603000	0.000000
1.604000	0.000000
1.605000	0.000000
1.606000	0.000000
1.607000	0.000000
1.608000	0.000000
1.609000	0.000000
1.610000	0.000000
1.611000	0.000000
1.612000	0.000000
1.613000	0.000000
1.614000	0.000000
1.615000	0.000000
1.616000	0.000000
1.617000	0.000000
1.618000	0.000000
1.619000	0.000000
1.620000	0.000000
1.621000	0.000000
1.622000	0.000000
1.623000	0.000000
1.624000	0.000000
1.625000	0.000000
1.626000	0.000000
1.627000	0.000000
1.628000	0.000000
1.629000	0.000000
1.630000	0.000000
1.631000	0.000000
1.632000	0.000000
1.633000	0.000000
1.634000	0.000000
1.635000	0.000000
1.636000	0.000000
1.637000	0.000000
1.638000	0.000000
1.639000	0.000000
1.640000	0.000000
1.641000	0.000000
1.642000	0.000000
1.643000	0.000000
1.644000	0.000000
1.645000	0.000000
1.646000	0.000000
1.647000	0.000000
1.648000	0.000000
1.649000	0.000000
1.650000	0.000000
1.651000	0.000000
1.652000	0.000000
1.653000	0.000000
1.654000	0.000000
1.655000	0.000000
1.656000	0.000000
1.657000	0.000000
1.658000	0.000000
1.659000	0.000000
1.660000	0.000000
1.661000	0.000000
1.662000	0.000000
1.663000	0.000000
1.664000	0.000000
1.665000	0.000000
1.666000	0.000000
1.667000	0.000000
1.668000	0.000000
1.669000	0.000000
1.670000	0.000000
1.671000	0.000000
1.672000	0.000000
1.673000	0.000000
1.674000	0.000000
1.675000	0.000000
1.676000	0.000000
1.677000	0.000000
1.678000	0.000000
1.679000	0.000000
1.680000	0.000000
1.681000	0.000000
1.682000	0.000000
1.683000	0.000000
1.684000	0.000000
1.685000	0.000000
1.686000	0.000000
1.687000	0.000000
1.688000	0.000000
1.689000	0.000000
1.690000	0.000000
1.691000	0.000000
1.692000	0.000000
1.693000	0.000000
1.694000	0.000000
1.695000	0.000000
1.696000	0.000000
1.697000	0.000000
1.698000	0.000000
1.699000	0.000000
1.700000	0.000000
1.701000	0.000000
1.702000	0.000000
1.703000	0.000000
1.704000	0.000000
1.705000	0.000000
1.706000	0.000000
1.707000	0.000000
1.708000	0.000000
1.709000	0.000000
1.710000	0.000000
1.711000	0.000000
1.712000	0.000000
1.713000	0.000000
1.714000	0.000000
1.715000	0.000000
1.716000	0.000000
1.717000	0.000000
1.718000	0.000000
1.719000	0.000000
1.720000	0.000000
1.721000	0.000000
1.722000	0.000000
1.723000	0.000000
1.724000	0.000000
1.725000	0.000000
1.726000	0.000000
1.727000	0.000000
1.728000	0.000000
1.729000	0.000000
1.730000	0.000000
1.731000	0.000000
1.732000	0.000000
1.733000	0.000000
1.734000	0.000000
1.735000	0.000000
1.736000	0.000000
1.737000	0.000000
1.738000	0.000000
1.739000	0.000000
1.740000	0.000000
1.741000	0.000000
1.742000	0.000000
1.743000	0.000000
1.744000	0.000000
1.745000	0.000000
1.746000	0.000000
1.747000	0.000000
1.748000	0.000000
1.749000	0.000000
1.750000	0.000000
1.751000	0.000000
1.752000	0.000000
1.753000	0.000000
1.754000	0.000000
1.755000	0.000000
1.756000	0.000000
1.757000	0.000000
1.758000	0.000000
1.759000	0.000000
1.760000	0.000000
1.761000	0.000000
1.762000	0.000000
1.763000	0.000000
1.764000	0.000000
1.765000	0.000000
1.766000	0.000000
1.767000	0.000000
1.768000	0.000000
1.769000	0.000000
1.770000	0.000000
1.771000	0.000000
1.772000	0.000000
1.773000	0.000000
1.774000	0.000000
1.775000	0.000000
1.776000	0.000000
1.777000	0.000000
1.778000	0.000000
1.779000	0.000000
1.780000	0.000000
1.781000	0.000000
1.782000	0.000000
1.783000	0.000000
1.784000	0.000000
1.785000	0.000000
1.786000	0.000000
1.787000	0.000000
1.788000	0.000000
1.789000	0.000000
1.790000	0.000000
1.791000	0.000000
1.792000	0.000000
1.793000	0.000000
1.794000	0.000000
1.795000	0.000000
1.796000	0.000000
1.797000	0.000000
1.798000	0.000000
1.799000	0.000000
1.800000	0.000000
1.801000	0.000000
1.802000	0.000000
1.803000	0.000000
1.804000	0.000000
1.805000	0.000000
1.806000	0.000000
1.807000	0.000000
1.808000	0.000000
1.809000	0.000000
1.810000	0.000000
1.811000	0.000000
1.812000	0.000000
1.813000	0.000000
1.814000	0.000000
1.815000	0.000000
1.816000	0.000000
1.817000	0.000000
1.818000	0.000000
1.819000	0.000000
1.820000	0.000000
1.821000	0.000000
1.822000	0.000000
1.823000	0.000000
1.824000	0.000000
1.825000	0.000000
1.826000	0.000000
1.827000	0.000000
1.828000	0.000000
1.829000	0.000000
1.830000	0.000000
1.831000	0.000000
1.832000	0.000000
1.833000	0.000000
1.834000	0.000000
1.835000	0.000000
1.836000	0.000000
1.837000	0.000000
1.838000	0.000000
1.839000	0.000000
1.840000	0.000000
1.841000	0.000000
1.842000	0.000000
1.843000	0.000000
1.844000	0.000000
1.845000	0.000000
1.846000	0.000000
1.847000	0.000000
1.848000	0.000000
1.849000	0.000000
1.850000	0.000000
1.851000	0.000000
1.852000	0.000000
1.853000	0.000000
1.854000	0.000000
1.855000	0.000000
1.856000	0.000000
1.857000	0.000000
1.858000	0.000000
1.859000	0.000000
1.860000	0.000000
1.861000	0.000000
1.862000	0.000000
1.863000	0.000000
1.864000	0.000000
1.865000	0.000000
1.866000	0.000000
1.867000	0.000000
1.868000	0.000000
1.869000	0.000000
1.870000	0.000000
1.871000	0.000000
1.872000	0.000000
1.873000	0.000000
1.874000	0.000000
1.875000	0.000000
1.876000	0.000000
1.877000	0.000000
1.878000	0.000000
1.879000	0.000000
1.880000	0.000000
1.881000	0.000000
1.882000	0.000000
1.883000	0.000000
1.884000	0.000000
1.885000	0.000000
1.886000	0.000000
1.887000	0.000000
1.888000	0.000000
1.889000	0.000000
1.890000	0.000000
1.891000	0.000000
1.892000	0.000000
1.893000	0.000000
1.894000	0.000000
1.895000	0.000000
1.896000	0.000000
1.897000	0.000000
1.898000	0.000000
1.899000	0.000000
1.900000	0.000000
1.901000	0.000000
1.902000	0.000000
1.903000	0.000000
1.904000	0.000000
1.905000	0.000000
1.906000	0.000000
1.907000	0.000000
1.908000	0.000000
1.909000	0.000000
1.910000	0.000000
1.911000	0.000000
1.912000	0.000000
1.913000	0.000000
1.914000	0.000000
1.915000	0.000000
1.916000	0.000000
1.917000	0.000000
1.918000	0.000000
1.919000	0.000000
1.920000	0.000000
1.921000	0.000000
1.922000	0.000000
1.923000	0.000000
1.924000	0.000000
1.925000	0.000000
1.926000	0.000000
1.927000	0.000000
1.928000	0.000000
1.929000	0.000000
1.930000	0.000000
1.931000	0.000000
1.932000	0.000000
1.933000	0.000000
1.934000	0.000000
1.935000	0.000000
1.936000	0.000000
1.937000	0.000000
1.938000	0.000000
1.939000	0.000000
1.940000	0.000000
1.941000	0.000000
1.942000	0.000000
1.943000	0.000000
1.944000	0.000000
1.945000	0.000000
1.946000	0.000000
1.947000	0.000000
1.948000	0.000000
1.949000	0.000000
1.950000	0.000000
1.951000	0.000000
1.952000	0.000000
1.953000	0.000000
1.954000	0.000000
1.955000	0.000000
1.956000	0.000000
1.957000	0.000000
1.958000	0.000000
1.959000	0.000000
1.960000	0.000000
1.961000	0.000000
1.962000	0.000000
1.963000	0.000000
1.964000	0.000000
1.965000	0.000000
1.966000	0.000000
1.967000	0.000000
1.968000	0.000000
1.969000	0.000000
1.970000	0.000000
1.971000	0.000000
1.972000	0.000000
1.973000	0.000000
1.974000	0.000000
1.975000	0.000000
1.976000	0.000000
1.977000	0.000000
1.978000	0.000000
1.979000	0.000000
1.980000	0.000000
1.981000	0.000000
1.982000	0.000000
1.983000	0.000000
1.984000	0.000000
1.985000	0.000000
1.986000	0.000000
1.987000	0.000000
1.988000	0.000000
1.989000	0.000000
1.990000	0.000000
1.991000	0.000000
1.992000	0.000000
1.993000	0.000000
1.994000	0.000000
1.995000	0.000000
1.996000	0.000000
1.997000	0.000000
1.998000	0.000000
1.999000	0.000000
2.000000	0.000000
