-1.000000	0.000000	0.000000
1.000000	0.000000	0.000000
-0.900000	0.044387	0.044429
0.900000	0.044387	0.044429
-0.800000	0.147057	0.147254
0.800000	0.147057	0.147254
-0.700000	0.282661	0.282940
0.700000	0.282661	0.282940
-0.600000	0.432156	0.433099
0.600000	0.432156	0.433099
-0.500000	0.583319	0.583096
0.500000	0.583319	0.583096
-0.400000	0.722541	0.721147
0.400000	0.722541	0.721147
-0.300000	0.835344	0.837920
0.300000	0.835344	0.837920
-0.200000	0.924596	0.926315
0.200000	0.924596	0.926315
-0.100000	0.981926	0.981332
0.100000	0.981926	0.981332
0.000000	0.998291	1.000000
-0.000000	0.998291	1.000000
